sent, rec
25761, 154876025
1375361, 154857645
1560785, 154836961
1725549, 154136342
2965478, 154119086
3142275, 154101904
4374803, 154084026
4552276, 154061838
4744194, 154043984
6943134, 154026681
7112513, 154009561
7277128, 153992097
7439122, 153972811
7605032, 153955475
8844373, 153937401
9018682, 153919823
9184678, 153901639
10376903, 153883503
10476783, 153864763
10567831, 153846237
11727455, 153821028
11822703, 153803514
13007310, 153785213
13103220, 153766542
14279092, 153743897
14375278, 153701819
14468998, 153684958
15623507, 153666458
15721116, 153647820
16886312, 153629743
16983851, 153608805
18143794, 153588949
18245723, 153571149
18370054, 153553987
19551884, 153536362
19653106, 153518605
20809768, 153501695
20944708, 153484256
22101640, 153466025
22204853, 153447444
22338558, 153429044
23498698, 153408701
23616009, 153391096
24793530, 153373107
24911081, 153353460
25006508, 153334306
26204561, 153314548
26353239, 153295511
27515652, 153274727
29234136, 153253298
29342443, 153221415
29449331, 153180786
29539311, 153136888
29781868, 153043530
30955252, 152999364
31077062, 152950137
31184392, 294746413
32362671, 294731756
32477598, 294715559
33664667, 294068116
33778905, 294056273
34937351, 294042479
35060879, 294027133
35167375, 294014899
36351987, 294002572
36516020, 293988215
37674077, 293973748
37788247, 293961775
37880203, 293949168
39335261, 293933406
39460726, 293920632
39559652, 293908077
40722671, 293893793
40845466, 293879200
42009017, 293863963
42105242, 293850797
43265202, 293838002
43378734, 293822206
43482508, 293808802
44638204, 293794930
44734084, 293782042
45902319, 293766471
46027081, 293743167
46128283, 293730207
47290847, 293715629
47416304, 293699941
48591356, 293680677
48736744, 293654228
49895529, 293626511
51515140, 293599287
51635243, 293573490
51729108, 293543398
51817160, 293510470
51919666, 293480363
53086783, 293447839
53265613, 293418224
53381042, 293390576
54542845, 293358906
54668189, 293314587
55827627, 426289394
55963543, 426262344
57137955, 426245074
57262775, 426227446
57375994, 426208547
58531508, 426189875
58653606, 426170904
59815967, 426149109
59939280, 426129790
60032114, 426111033
61203232, 426091504
62114305, 426072511
62208923, 426053286
62356428, 426034358
63545442, 426015938
63677482, 425995358
64855022, 425969845
64975082, 425950071
65070149, 425930158
66263947, 425909091
66388179, 425888977
67570902, 425870536
67683182, 425849343
67786606, 425827647
68947442, 425802966
69042595, 425781217
70209229, 425758794
70342226, 425737121
71505617, 425716346
71621188, 425694006
71825370, 425590401
72988028, 425569065
73113966, 425548242
74287989, 425527053
74407934, 425506610
74505256, 425486384
75668856, 425466415
75793375, 425446616
76956592, 425426450
77068937, 425405364
78255733, 425384174
78416590, 425362734
78538529, 425340288
79712584, 425309397
79855694, 425287333
81018308, 425264874
81139400, 425241892
81230255, 425206491
82391585, 425186622
82517779, 425166433
83679629, 425144753
85324632, 425112388
85444233, 425092475
85564191, 425073281
85684382, 425050827
85792595, 425028028
86980588, 424993786
87113251, 424953645
88279289, 424908196
88460032, 424859240
88574642, 473720914
94109572, 473705395
94232548, 473690524
94323993, 473673636
94416927, 473654381
94520607, 473625841
94621348, 472041974
94723323, 472028784
94813665, 472015154
94904396, 471999163
94994871, 471983657
95086415, 471968981
95175973, 471954106
96346592, 471937528
96460493, 471921734
97630196, 471905237
97739995, 471887092
97848001, 471867807
99016884, 471854916
99159116, 471840442
100346362, 471826363
100469905, 471811099
100564056, 471796876
101729055, 471781816
101841029, 471767328
103012420, 471750225
103124190, 471734266
104284840, 471718616
104381612, 471702146
104473356, 471687039
105632047, 471670610
107218559, 471654390
107363035, 471639683
107464128, 471624300
107553046, 471607920
108717328, 471592511
108812580, 471576851
108904380, 471559644
110059317, 471544745
110175968, 471528243
111331690, 471512225
111455377, 471490344
112629926, 471462326
112739094, 471432358
112844071, 471399737
113999322, 471368147
114109638, 471328926
115267392, 471297397
115380844, 471263629
116546525, 471230388
116674892, 471196547
116772061, 471144925
117934843, 545879005
118046072, 545864916
119210664, 545850052
119318544, 545835624
120492752, 545820000
120599711, 545803350
120701077, 545787245
121860905, 545773066
121972843, 545757719
123148304, 545742272
123259446, 545726952
123366251, 545711122
124549292, 545694965
124938976, 545681003
125062716, 545665277
126266420, 545648365
126389572, 545629601
127551389, 545605389
127653287, 545590263
128812901, 545575605
130443936, 545560329
130566089, 545544964
130659402, 545529927
130768485, 545515874
130869742, 545501580
132048141, 545488027
132166247, 545473980
132259840, 545459477
133420681, 545445230
133528418, 545430213
134701811, 545414550
134826138, 545400470
136004092, 545383814
136097164, 545368361
136196502, 545353888
137352339, 545337350
137451421, 545322043
138605430, 545306354
138718386, 545291777
139878109, 545277285
140905266, 545262649
140969476, 545247737
141031240, 545231132
142162028, 545212898
142229923, 545197216
142292252, 545180102
143637334, 545163389
143706150, 545143658
144864281, 545118118
144988241, 545101984
145052448, 545085002
146182094, 545068195
146274160, 545049718
147442343, 545028238
147539062, 544989859
148721718, 543590697
148820506, 543574256
148914410, 543558581
150069514, 543541654
150166869, 543526375
151346881, 543509268
151415345, 543491346
152552322, 543472753
152628920, 543452821
154903499, 543402865
155035277, 543388733
155097277, 543375850
155173860, 543362856
155235316, 543347178
156370670, 543332354
156455853, 543317427
157583787, 543303449
157685496, 543289615
158830193, 543276209
158912295, 543262405
158976220, 543246529
160104330, 543232259
160198645, 543217177
161329140, 543202137
161411370, 543185879
162543406, 543169473
162623945, 543155113
163755655, 543138961
163840146, 543121839
163904092, 543105678
165032623, 543090092
165116221, 543075096
166260197, 543059005
166329474, 543041348
167459190, 543023811
167545250, 543007779
168683111, 542991415
168769386, 542975539
169091706, 542957813
171354509, 542940639
171436763, 542923649
171502532, 542907119
171563027, 542888046
172697291, 542871856
172793067, 542853891
172855727, 542835422
173985568, 542817878
174070923, 542801638
175213477, 542785922
175312772, 542766772
176442748, 542740629
176530872, 542709505
177708820, 542679330
177814468, 542647173
177881153, 542608142
186724056, 652945725
186825441, 652934796
186904757, 652922490
186964908, 652911068
187026224, 652897520
187088566, 652887141
187165545, 652875102
187228358, 652862025
187293964, 652849948
187367442, 652839388
187442255, 652826753
187620018, 652815125
187713171, 652801745
187805122, 652785706
187899395, 652772598
188001329, 652748075
188107625, 652065868
188210175, 652052339
188336264, 652038673
190988383, 652027626
191133419, 652015278
191228842, 652002992
191316347, 651990106
191416746, 651978893
192579266, 651966172
192696038, 651953657
192788424, 651941378
193943495, 651927919
194093134, 651916866
195255008, 651902686
195369805, 651890507
196514076, 651877088
196613694, 651863859
196693061, 651849625
197834913, 651836116
197932994, 651822886
199091295, 651808601
199190415, 651794318
200351980, 651781914
200449828, 651768971
201588597, 651754612
201689090, 651738934
201767698, 651713672
202915539, 651701616
203013469, 651691095
204160343, 651680412
204282604, 651667901
205483016, 651654463
205605860, 651643208
205701576, 651630996
207154735, 651617513
207252346, 651605265
207346156, 651593982
208522180, 651581442
208645181, 651569240
209829364, 651557877
209948951, 651545033
210042595, 651533771
211209179, 651519234
211331820, 651506326
212494887, 651494784
212611726, 651480480
213768646, 651465547
213895547, 651450396
213998698, 651434344
215173590, 651416227
215297519, 651391379
216461391, 651363370
216577729, 651333556
216674045, 651315416
218580084, 651289488
218663280, 651257310
218725577, 651225609
219863422, 651173434
219948618, 651144852
220013262, 651112212
221137833, 651090742
221220645, 651058247
222361433, 776837897
222443352, 776817651
223587296, 776798116
223679361, 776773563
224822535, 776751361
224912594, 776729400
226042874, 776708339
226125713, 776686045
226188035, 776664782
227315607, 776641530
227442620, 776615732
228597239, 776584536
230137860, 776561505
230221324, 776541952
230288008, 776523396
230367946, 776503672
231516729, 776485327
231609105, 776465158
231670642, 776446171
232834813, 776425306
232917265, 776399903
234045606, 776378361
234142604, 776359530
235273498, 776338497
235363637, 776319362
236507983, 776298952
236601279, 776274237
236676775, 776252983
237832461, 776220043
237928103, 776197591
239061980, 776173740
239150554, 776123161
240280869, 776103814
241152548, 776084891
241230647, 776065917
241292135, 776045225
242425766, 776023475
242532666, 775997661
243677302, 775979225
243758717, 775959626
244886768, 775940062
244967783, 775921595
245039344, 775900622
246181931, 775881708
246267268, 775862799
247410791, 775843991
247494519, 775824385
248624722, 775804615
248718067, 775782993
249850149, 775762020
249942538, 775732197
250005580, 774615124
251137935, 774580942
251220432, 774535941
252390181, 774493963
252473890, 774450440
253601263, 774415504
253691603, 774369157
254835497, 774322212
254929373, 774280041
256062430, 900274375
256144877, 900254340
256227208, 900235729
257357161, 900216112
257437847, 900195672
258567283, 900177492
258648251, 900157182
259783132, 900137957
259874377, 900118709
261013380, 900098658
261109004, 900078523
261229648, 900059192
262362094, 900039544
263755534, 900019133
263861186, 899999987
263955869, 899981116
264045930, 899961442
265208692, 899941677
265332238, 899922022
266534595, 899901424
266661414, 899880837
266753154, 899860013
267916034, 899840276
279506079, 899819660
279611136, 899799835
279698466, 899779430
279794850, 899758013
279892776, 899737484
279981464, 899715826
280064356, 899696052
280158035, 899675011
280240801, 899654419
280324125, 899633865
280408296, 899611665
280498621, 899590373
280583964, 899568088
280665008, 899545375
280792866, 899524437
280863104, 899502237
280922965, 899479535
280979125, 899457417
281050369, 899433953
281155910, 899410366
281230645, 899388488
281298309, 899367021
281354254, 899343550
281414680, 899300185
281470043, 899275703
283457392, 899233398
283550126, 895781370
283609231, 895758815
283664920, 895732570
284795002, 1010983690
284874226, 1010967585
286009659, 1010950455
286070007, 1010933243
286123487, 1010914581
287237021, 1010897208
287298032, 1010881173
288412229, 1010863846
288471540, 1010845967
289579971, 1010826726
289640679, 1010795379
290755054, 1010779009
290813995, 1010761029
291939746, 1010743474
292000920, 1010725564
293109095, 1010708425
293174978, 1010690692
294767837, 1010669878
294853280, 1010648822
294910804, 1009381670
296019341, 1009363883
296159412, 1009345372
296241065, 1009328354
297394452, 1009310486
297508267, 1009291102
298675572, 1009269746
298775724, 1009251026
299929489, 1009231130
300039862, 1009210656
300127094, 1009191520
301274792, 1009169878
301386845, 1009130930
302545368, 1009101251
302636841, 1009082772
303818424, 1009063871
303910829, 1009042908
304034995, 1009022354
306228318, 1009002501
306291054, 1008980437
306353886, 1008960394
306414025, 1008940172
307551622, 1008919305
307620320, 1008898386
308749159, 1008877438
308816010, 1008855247
309944099, 1008832972
310009225, 1008810124
310070787, 1008789940
311198603, 1008769273
311295667, 1008748637
312427964, 1008728999
312520332, 1008706810
313665174, 1008683187
313731732, 1008660930
314878241, 1008636831
314954939, 1008612319
315019486, 1008587698
316371539, 1008551052
316816667, 1008533976
316880126, 1008516453
318013481, 1008499114
318080304, 1008481414
319208135, 1008464035
319274301, 1008447136
320401028, 1008428691
320468130, 1008411970
320560557, 1008394036
321691691, 1008376401
321793896, 1008357117
322926982, 1008339270
322995059, 1008322272
324143438, 1008303757
324224549, 1008285248
325351979, 1008264777
325417837, 1008244822
326545882, 1008222425
326614662, 1008200630
327808127, 1008179039
327881535, 1008158172
327945373, 1008139216
328893896, 1008119838
329008286, 1008101146
329938642, 1008082643
330015891, 1008064591
331149303, 1008042834
331218038, 1008022940
332370252, 1008002694
332440891, 1007981763
333587701, 1007959465
333655355, 1007929008
334782293, 1005024980
334848820, 1004994228
335977290, 1004965452
336064101, 1004939627
336127544, 1004913625
337268216, 1004881891
337339404, 1004855117
338470336, 1004821851
338556418, 1004789720
339687308, 1004757782
339754870, 1004709019
340005468, 1004660520
341137558, 1004601821
341233718, 1004523522
342367440, 1004487623
342484432, 1004451416
343616177, 1004413425
344662076, 1004375906
344725327, 1004335798
344788961, 1004287991
345921696, 1134335341
345990710, 1134317622
347119794, 1134300664
347210104, 1134283865
347271424, 1134264813
348415943, 1134245487
348483119, 1134227019
349611239, 1134208063
349677050, 1134190790
350804838, 1134171944
350899827, 1134154823
352033229, 1134137322
352099292, 1134120168
353226341, 1134101071
353290831, 1134083592
353351565, 1134065328
354481514, 1134047807
368410546, 1134027962
368455293, 1134008087
368496828, 1133987362
368537240, 1133969314
368578515, 1133948467
368621431, 1133928638
368679922, 1133907102
368723760, 1133885214
368763482, 1133855944
368817414, 1132197428
368871880, 1132171202
368925051, 1132143764
368973733, 1132117640
369019400, 1132091997
369060463, 1132059989
369117842, 1132022268
369173881, 1132003334
369224521, 1131986435
369270955, 1131967869
369312309, 1131948929
370111282, 1131930764
370161902, 1131913591
370205726, 1131893441
370244594, 1131875900
370284519, 1131857393
370324214, 1131838527
370364816, 1131820204
370403788, 1131802442
370458852, 1131782783
371571531, 1131764709
371617481, 1131746627
372720607, 1131727961
372777930, 1131709494
372829338, 1131690315
373942588, 1131671248
373991152, 1131652310
375092019, 1131634055
375135477, 1131614168
376237170, 1131591687
376279806, 1131564399
377382436, 1131541975
377437068, 1131516396
378476433, 1131489675
378565589, 1131463229
379707039, 1131342366
379782459, 1131310161
380921073, 1131284220
380997992, 1131257091
382146147, 1131226448
382220044, 1131198318
382293565, 1131171983
383468997, 1131143647
383560222, 1131108449
384707344, 1131081611
384785504, 1131051081
385925506, 1131022088
386000464, 1130989375
387137973, 1130954143
387214225, 1130922212
387288719, 1130890303
388452662, 1130852155
388549597, 1240429677
389707822, 1240418517
389801525, 1240385656
391033359, 1234415863
391135625, 1234403074
391246988, 1234391375
392403459, 1234377832
392551836, 1234363271
393709159, 1234351216
393808366, 1234336842
396073570, 1234322118
396138970, 1234310048
396201266, 1234295932
396261644, 1234280441
396321738, 1234245258
397454080, 1234233125
397521612, 1234219910
398648721, 1234206862
398716655, 1234195344
399844882, 1234181012
399911597, 1234164911
401038667, 1234150409
401106662, 1234135936
401179663, 1234122313
402402209, 1234106076
402476671, 1234090395
403625768, 1234075422
403694153, 1234058540
404822238, 1234041782
404888815, 1234023874
406438852, 1234006876
406506045, 1233993821
406567204, 1233979726
407713548, 1233967627
407813132, 1233953539
407902246, 1233940006
409075742, 1233927431
409179141, 1233913970
410338553, 1233899965
410432343, 1233886505
411593465, 1233873046
411741196, 1233856789
411864116, 1233843851
413023413, 1233829696
413157850, 1233813697
414318775, 1233798717
414417563, 1233784267
414508372, 1233770481
415651468, 1233754690
415721620, 1233736415
417577729, 1233718363
417660722, 1233702995
417721607, 1233687147
417781762, 1233671189
418915878, 1233655215
418983274, 1233639953
420111147, 1233622508
420176407, 1233605171
421301076, 1233585980
421419540, 1233564411
422551648, 1333524845
422620807, 1333509121
423776410, 1333491163
423844398, 1333474927
423905639, 1333457547
424648963, 1333438749
426313861, 1333421218
426402342, 1333402901
426466767, 1333383043
427602637, 1333364822
427671987, 1333347110
428802269, 1333329242
428867551, 1333311130
428929829, 1333293505
429927825, 1333272868
430552726, 1333254300
430682391, 1333235862
431857099, 1333218465
431933344, 1333196495
432243160, 1333178387
448990489, 1333158341
449049915, 1333138994
449095919, 1333105718
449156310, 1333087199
449200248, 1333066589
449242511, 1333046724
449282527, 1333028215
449323288, 1333007388
449363272, 1332988164
449404092, 1332965252
449443982, 1332929005
449484249, 1331503723
449523570, 1331485297
449563164, 1331465198
449615814, 1331442717
449658924, 1331410592
449699582, 1331390405
449740120, 1331372922
449779099, 1331354100
449838885, 1331334020
450600570, 1331302905
450641515, 1331266237
450682877, 1331230026
450722826, 1331190581
450761697, 1331156388
450802156, 1331119860
450841914, 1331083527
450881470, 1331054337
450920266, 1331017294
450958607, 1330977152
450996200, 1330921773
451046002, 1330873514
451084488, 1457485070
451144555, 1457471496
451852454, 1457455694
452349782, 1457444255
453484022, 1457433019
454096442, 1457420086
454136926, 1457408694
455241562, 1457393145
455286363, 1457382666
456385760, 1457370385
456426758, 1457358470
457026548, 1457346729
459354192, 1457334955
459403336, 1457323361
459441476, 1457312173
459479788, 1457300404
459517526, 1457285423
460618995, 1457254511
460662184, 1457243159
461756867, 1457231781
461817607, 1457220036
462927871, 1457204367
462968794, 1457177361
464076473, 1457164928
464119410, 1457150475
465216577, 1457138232
465259491, 1457124862
466357450, 1457104971
466397025, 1457090122
467505924, 1457072747
467549699, 1453072333
468448593, 1453054223
468502362, 1453038898
469616034, 1453025730
469670685, 1453012485
470784194, 1452998272
470838023, 1452985383
473744767, 1452974302
473811894, 1452961610
473862917, 1452950020
473944623, 1452936158
473992770, 1452923136
474040319, 1452911173
475159248, 1452897883
475213374, 1452885643
476356457, 1452872849
476424584, 1452859408
477538949, 1452848543
477593141, 1452835480
478709381, 1452822884
478776144, 1452811192
479921628, 1452798926
479989972, 1452771314
480052534, 1452754996
481225935, 1452736613
481295948, 1452717930
482424217, 1452699765
482518155, 1452682056
483651431, 1452663791
483717480, 1452646281
484845531, 1452628070
484916740, 1452610205
486043174, 1452592114
486111091, 1452572930
486192556, 1452524694
487334125, 1452507305
487401800, 1452491562
488530256, 1452476043
488639297, 1452458329
489770030, 1452442243
489838043, 1452424333
490966931, 1452409087
491052589, 1452391870
491115541, 1452375077
492245713, 1452358242
492314893, 1452340291
493461000, 1452323997
493529497, 1452308511
494714077, 1452289728
494784072, 1452272277
495912343, 1452256501
495978937, 1452238150
496865467, 1452221392
496965715, 1452203077
514639094, 1452186697
514757587, 1452168695
514826670, 1452149960
514872355, 1452132560
514913782, 1452115734
514955567, 1452097206
514997136, 1452077496
515038319, 1452060852
515094192, 1452044009
515137103, 1452025843
515188691, 1452007732
515232317, 1451989250
515273802, 1451970957
515317144, 1451952326
515358660, 1451934584
515399397, 1451915790
515444957, 1451896847
515501654, 1451861801
515546413, 1450825294
515596939, 1450808212
516404299, 1450786905
516448875, 1450769063
516492690, 1450749588
516532927, 1450729737
516572591, 1450706279
516612527, 1450679251
516653872, 1563677283
516692834, 1563659489
516733576, 1563641342
516772928, 1563621222
516812837, 1563603919
516852197, 1563587348
516893921, 1563570465
516946473, 1563550169
516988877, 1563532938
517028141, 1563513259
518262757, 1563494391
518968304, 1563474382
519013310, 1563453089
519058422, 1563434231
520167182, 1563413496
520217784, 1563392780
521320946, 1563373556
521369362, 1563352906
522468301, 1563333414
522517211, 1563313134
523615865, 1563293191
523661388, 1563273952
524762534, 1563253083
524807881, 1563217055
525918134, 1563200133
525963450, 1563179678
527065586, 1563162208
527122998, 1563142961
528233767, 1563125697
528288122, 1563107763
528333445, 1563086944
530153719, 1563064982
530218524, 1563044817
530264288, 1563025900
531372625, 1563005442
531417422, 1562986095
532514875, 1562966645
532556095, 1562945377
533652057, 1562924708
533695474, 1562903089
534793866, 1562882072
534838396, 1562861269
535935681, 1562840961
535990751, 1562819499
537092630, 1562796344
537149650, 1562775486
538250464, 1562750967
538295378, 1562725323
538346894, 1562697946
539449122, 1562669892
539504275, 1562638884
540617049, 1562608518
542265938, 1562585998
542333083, 1562566541
542398235, 1562545332
542461432, 1562522336
545902153, 1562497750
545972996, 1562475547
546024479, 1562452818
546074540, 1562423650
546161987, 1559316796
546214722, 1559297793
546263883, 1559276645
547384646, 1559255183
547440718, 1559231327
548569772, 1559208926
548624363, 1559188237
549737083, 1559166943
549795856, 1559144208
550912979, 1559076822
550970957, 1559046564
552086914, 1559009327
552143262, 1558965555
553258246, 1558921170
553361451, 1558878717
553418335, 1558833856
554538223, 1558798165
554600122, 1558751394
555735940, 1649413335
555799724, 1649398745
556919107, 1649385139
557909113, 1649371330
558008356, 1649358240
558081114, 1649345056
559206422, 1649330876
559264733, 1649318335
560404942, 1649305602
560471034, 1649291777
561595881, 1649278502
561662976, 1649265998
561723019, 1649252550
562887356, 1649239250
562954802, 1649226620
564082307, 1649213234
564149021, 1649199992
565290790, 1649184236
565359665, 1649169429
566486647, 1649150666
566555681, 1648384271
566805894, 1648368619
587554485, 1648353072
587671271, 1648337267
587732515, 1648320639
587775460, 1648305391
587816291, 1648290695
587857913, 1648275121
587900506, 1648260937
587940631, 1648245115
587981814, 1648231122
588033470, 1648216137
588075506, 1648201262
588116153, 1648184506
588156650, 1648170401
588198189, 1648151167
588240172, 1648135696
588281299, 1648120531
588331073, 1648105715
588391951, 1648088543
588434254, 1648071702
588474492, 1648055814
588555672, 1648038277
588628130, 1648010362
588688845, 1647996980
588752984, 1647983636
588813335, 1647969720
588880461, 1647954328
588950902, 1647940475
589020518, 1647926379
589080151, 1647906548
589153266, 1647881644
589215567, 1647855062
589273040, 1647826893
589344384, 1647796034
589405070, 1647775369
589466709, 1647746859
589533021, 1647719500
589593938, 1647682489
590330470, 1647647736
590401912, 1812001995
590459698, 1811981298
590505157, 1811945340
590555294, 1811924383
590598277, 1811900497
594432752, 1811878381
594476712, 1811858833
594505455, 1811837260
594533520, 1811814025
594566791, 1811789962
595871662, 1811768717
595902214, 1811750990
595930447, 1811731180
595958922, 1811712374
597052777, 1811690267
597084844, 1811670918
598171882, 1811647775
598204883, 1811624991
599316446, 1811585880
599349011, 1807056591
600434194, 1807036305
600463455, 1807016848
601574160, 1806996398
601615245, 1806975492
602699986, 1806956017
602732617, 1806933648
603820279, 1806911189
603849742, 1806887180
604935432, 1806864260
604966666, 1806809594
606052732, 1806792735
606089131, 1806773175
606117436, 1806755626
607204518, 1806738325
607238595, 1806720211
608327163, 1806702171
608382173, 1806684658
609473990, 1806668031
609508951, 1806649121
610599184, 1806631006
610658407, 1806612150
611755317, 1806594130
611807507, 1806576356
612905822, 1806557147
612959298, 1806538722
614058775, 1806519252
614101952, 1806499112
615197608, 1806474063
615241618, 1806441883
616338833, 1806396756
617259329, 1806349937
617305177, 1806302140
617342677, 1927637584
618442640, 1927620132
618483232, 1927605951
619596941, 1927590927
619638086, 1927575864
620747094, 1927559738
620795896, 1927544994
621915079, 1927528516
636422143, 1927512524
636491013, 1927497745
636535986, 1927481545
636575869, 1927466817
636616016, 1927450982
636654623, 1927435530
636695568, 1927420158
636735301, 1927402512
636774679, 1927385053
636814128, 1927360175
636854188, 1927345909
636893593, 1927331238
636934375, 1927316161
637001527, 1927301237
637074833, 1927287229
637115402, 1927272275
637164149, 1927257793
637218619, 1927242805
637280341, 1927226423
637339733, 1927211802
637401177, 1927196852
637461911, 1927179799
637528155, 1927163573
637585734, 1927145952
637641582, 1927128971
637698664, 1927112241
637753644, 1927095079
637811438, 1927080073
637873381, 1927063096
637941406, 1927047097
639091017, 1927030426
639957837, 1927013320
640020416, 1926996312
640061021, 1926973986
641132086, 1926952941
641168579, 1926933161
642257555, 1926910749
642293205, 1926887723
643381949, 1926865336
643417228, 1926843805
644506674, 1926821026
644539529, 1926795571
645627095, 1926772354
645662726, 1926747965
646751753, 1926722205
646787402, 1926677080
647876476, 1922893394
647912000, 1922869407
649018849, 1922844156
649070587, 1922820235
650163905, 1922793683
650224416, 1922765960
650920672, 1922737637
652970000, 1922709263
653023466, 1922680373
653063634, 1922643609
653101550, 1922597062
654214783, 1922581370
654258343, 1922565946
655358067, 1922549690
655400140, 1922534419
656498690, 1922518549
656540071, 1922501786
657638378, 1922485960
657681890, 1922469832
658780943, 1922451766
658854664, 1922432992
658952048, 1922415917
660076161, 1922396984
663065457, 1922380745
663191546, 1922364872
663248427, 1922345964
663304157, 1922328229
663360132, 1922308220
663413894, 1922289691
663467168, 1922271097
664595008, 1922252697
664670522, 1922233239
665790151, 1922212423
665849364, 1922189260
666966411, 1922160412
667024167, 1922136448
668142010, 1922108557
668250493, 1922082112
669380094, 1922056457
669436725, 1922029411
669489652, 1922004984
670624861, 1921972692
670684661, 1921938542
671804668, 1921909107
673628813, 1921882540
673690077, 1921857042
673750878, 1921828948
673809129, 1921805335
673895452, 1921781499
675036330, 1921751069
675104034, 1921724412
676234544, 1921701082
676300498, 1921673770
677427668, 1921644441
677538699, 1921611141
678682091, 1921577376
678752810, 2046758410
679881149, 2046740239
679945107, 2046721609
680028291, 2046702292
681137391, 2046684101
681206471, 2046664168
682013040, 2046646094
686127564, 2046626877
686218531, 2046609316
686282768, 2046591259
686346559, 2046572620
686431589, 2046554851
686501200, 2046535212
686564579, 2046516270
686628179, 2046497179
686691581, 2046477074
687832787, 2046457438
687902334, 2046436492
689034204, 2046417209
689101007, 2046395937
690242723, 2046375515
690310894, 2046355865
691467475, 2046335849
691545177, 2046315734
692698001, 2046282322
692801153, 2043768973
692865804, 2043749768
693993299, 2043729131
694100480, 2043707562
695236694, 2043688897
696407554, 2043666753
696473656, 2043647960
696540602, 2043627346
697684477, 2043607238
697752117, 2043586827
697815548, 2043533837
698944592, 2043516620
699011673, 2043498284
700138585, 2043481370
700213092, 2043461933
701380048, 2043444002
701450812, 2043425756
702558025, 2043406966
702657433, 2043387310
724268935, 2043368634
724361473, 2043348843
724415071, 2043330528
724465640, 2043310401
724503646, 2043291094
724540401, 2043270702
724578134, 2043252961
724612908, 2043234184
724647313, 2043215190
725372728, 2043195319
725411710, 2043175699
725443974, 2043152622
725479115, 2043132103
725513745, 2043112233
725549102, 2043092014
725582033, 2043072797
725632392, 2043054085
725669132, 2043033974
725714423, 2043013828
725750478, 2042994204
725803681, 2042975178
725842741, 2042954737
725878906, 2042934865
725912094, 2042915415
725947750, 2042895301
725982044, 2042875814
726025224, 2042854076
726062940, 2042833480
726097710, 2042813145
726134959, 2042790335
726170230, 2042768916
726202366, 2042744382
726236700, 2042709325
726279983, 2042659375
726317624, 2159574617
726367892, 2159560293
726423451, 2159546529
726483995, 2159534363
726549848, 2159522138
726604476, 2159507162
726653089, 2159492705
726712622, 2159479261
726761431, 2159466496
726819265, 2159452676
728524742, 2159438350
728583385, 2159422453
728636263, 2159407131
729749151, 2159391767
729801276, 2159376187
730928328, 2159361081
730978123, 2159344046
732575187, 2159329659
732629676, 2159305221
732659012, 2159290213
733746574, 2159275043
733776463, 2159260742
734871473, 2159247167
734904919, 2159231599
735990672, 2159215999
736024750, 2159199190
737111983, 2159180614
737166465, 2159161883
738253590, 2159144156
738285874, 2159127250
739372026, 2159110486
739403614, 2159068869
739448568, 2159048467
740535764, 2159030577
740565304, 2159011958
741666741, 2158992121
741700543, 2158971183
742788109, 2158949189
743761498, 2158931177
743799742, 2158913594
744917728, 2158897762
744960850, 2158881816
745001992, 2158859896
746097881, 2158836100
746139560, 2158819175
747259571, 2158795811
747300242, 2158772975
748395459, 2158750765
748433592, 2158727644
749527212, 2158704696
749575150, 2158673797
750670989, 2158649782
750708786, 2158624954
751825698, 2158589847
751868837, 2158499859
752967944, 2153814050
753020939, 2153761720
754131431, 2153726352
756949828, 2153694063
757005332, 2153659861
757053142, 2308286813
757100630, 2308260892
757159163, 2306619741
757236734, 2306599546
757287515, 2306578985
758410376, 2306560640
758464548, 2306523031
759592781, 2306501221
759645718, 2306480899
760756993, 2306464245
760810023, 2306443955
761935771, 2306425684
761988887, 2306405446
763102876, 2306387458
763172817, 2306363994
764302662, 2306346626
764370894, 2306328293
765496608, 2306307760
765575698, 2306289025
765640569, 2306270796
766770646, 2306249865
766883992, 2306230467
768033405, 2306211487
768113565, 2306190563
769258297, 2306171172
769325008, 2306150357
770453362, 2306130781
770519508, 2306111171
770607721, 2306091495
771743833, 2306071141
771808732, 2306051273
772937518, 2306030898
773012073, 2306009835
773987824, 2305989520
774099109, 2305967019
776870763, 2305943735
776955896, 2305921861
777021126, 2305898859
777081594, 2305877974
777157430, 2305853610
777243220, 2305830282
792299172, 2305810302
792369425, 2305787317
792425796, 2305762735
792479207, 2305742356
792567423, 2305719921
792621771, 2305696645
792673423, 2305670724
792725511, 2305650790
792778054, 2305631003
792833763, 2305606907
792898491, 2305576300
792981048, 2464678111
793036566, 2464658335
793089253, 2464641317
793150555, 2464623702
793206675, 2464607510
793273942, 2464591359
793316161, 2464574017
793363236, 2464556904
793402744, 2464540601
794094782, 2464521766
794136166, 2464503884
794187382, 2464485571
794226824, 2464466036
794881477, 2464449632
794920916, 2464432794
794956286, 2464416105
794992378, 2464397403
795028789, 2464379320
795079633, 2464359757
795118177, 2464339393
795154256, 2464320042
800859681, 2464301887
800946423, 2464283937
800998114, 2464265019
801038547, 2464240170
801074951, 2464215337
801111760, 2464193014
801158215, 2464169437
801211384, 2464144173
801247498, 2464120096
801284278, 2464090658
801320481, 2464064789
802431296, 2464038676
802473675, 2464012039
803569410, 2463986023
803610559, 2463959972
804379156, 2463931570
805481689, 2463894784
805525934, 2463850363
805581400, 2457261687
806695170, 2457231639
806740538, 2457199961
807846145, 2457153212
807892121, 2457133692
808989603, 2457100782
809041124, 2457081300
810137556, 2457062410
810181661, 2457043521
811065565, 2457024420
811123768, 2457005406
812483609, 2456986183
812538035, 2456966939
813644640, 2456948166
813700882, 2456928675
814815073, 2456909298
814872662, 2456889275
815988907, 2456869823
816043818, 2456850203
816110660, 2456830100
817304771, 2456807739
817378418, 2456784717
818500902, 2456764994
819378194, 2456743802
819431475, 2456722934
819481666, 2456701363
820594294, 2456678850
820654872, 2456650420
821777357, 2456620474
821834342, 2456594220
822945131, 2456570099
823000984, 2456542239
824111396, 2456513081
824226314, 2456485560
824564498, 2456458313
825693550, 2456428881
825765202, 2456401603
826894529, 2456371354
826964948, 2456345030
828114176, 2456318803
828212213, 2456288551
829344087, 2456262754
829420180, 2456229438
829490843, 2456201376
830615977, 2456168342
830684461, 2456135937
831811260, 2456107878
831879059, 2456072291
833004998, 2456041355
833075120, 2455962624
834222149, 2455943022
834313253, 2455924284
835465392, 2455905187
835576241, 2455885649
835663303, 2455865863
836843355, 2455846233
836941060, 2455827537
838106491, 2455809104
838229148, 2455790781
839380269, 2455771451
839470357, 2455751034
839553764, 2455728645
840703750, 2455705670
842240603, 2455683315
842328011, 2455663946
842422603, 2455643405
842504108, 2455623401
843661497, 2455601854
843764231, 2455579661
844925512, 2455552777
845048329, 2455511833
845150057, 2585988319
846327047, 2585969939
846425080, 2585952415
847586710, 2585935379
847713976, 2585919322
847818906, 2585902264
848976998, 2585885175
849079694, 2585867484
850245725, 2585849651
850346915, 2585831715
851504568, 2585810335
851601556, 2585792759
852799640, 2585774845
852897272, 2585756540
852959512, 2585737956
854090586, 2585719841
854185797, 2585702287
855316955, 2585683353
855383773, 2585663572
856529036, 2585644045
856599683, 2585623829
856677854, 2585604348
857804768, 2585585557
857872007, 2585564891
859019357, 2585543383
859088485, 2585521394
860216028, 2585472560
860283558, 2585456852
861410804, 2585441078
861478741, 2585421422
862610354, 2585402724
862678192, 2585384288
863807392, 2585364516
865116329, 2585344631
865195115, 2585323371
865256112, 2585302631
865316971, 2585284510
866465504, 2585266299
866568918, 2585246998
867696659, 2585229178
867764686, 2585209364
867824264, 2585188479
868971940, 2585168105
869038688, 2585147611
870165600, 2585113990
870229639, 2585093837
871356803, 2585073561
871420742, 2585050974
872547487, 2585026666
872612166, 2582352518
873737496, 2582329939
873829048, 2582306408
873891774, 2582286320
876570030, 2582265705
876636969, 2582243552
876719141, 2582221732
876797916, 2582201553
876859705, 2582180326
877996863, 2582159216
878067148, 2582138774
879217133, 2582117268
879283766, 2582094445
880412663, 2582073902
880478804, 2582053997
881607370, 2582032765
881675568, 2582012987
881737263, 2581991283
882864713, 2581970903
882953715, 2581949230
884085538, 2581928398
884153060, 2581901315
885281567, 2581854898
885350761, 2581770041
886907861, 2581720890
886977167, 2581679613
887038271, 2581637968
888195135, 2581593979
888302090, 2581544853
888364310, 2710315233
889492538, 2710300560
889559001, 2710286387
890688651, 2710270943
890752868, 2710235689
891881055, 2704024993
891947383, 2704009521
893095495, 2703995817
893170561, 2703981742
894300581, 2703967458
894365362, 2703955421
895413536, 2703940343
895526756, 2703923645
895605016, 2703905574
900302487, 2703869410
900386405, 2703856408
900473373, 2703844820
900538502, 2703830730
900601252, 2703816392
900663439, 2703804568
900728853, 2703792922
900793066, 2703781314
900856873, 2703769041
901993201, 2703757125
902277848, 2703744168
902342452, 2703729308
903477619, 2703716392
903556418, 2703704235
904685349, 2703690762
904791062, 2703678842
905921328, 2703663962
906002413, 2703648155
907134806, 2703634867
907202774, 2703619763
907263764, 2703605201
908393727, 2703593386
908461576, 2703579276
909588636, 2703565072
909658928, 2703551267
910787047, 2703538126
910855413, 2703525192
911870765, 2703509275
911962931, 2703493463
913097870, 2703477906
913190744, 2703462944
914329429, 2703448856
914396654, 2703433215
914475582, 2703418823
915603973, 2703405769
915692074, 2703391753
916855177, 2703376977
916954027, 2703362196
918116157, 2703347297
918221860, 2703331998
919385097, 2703316282
919499415, 2703301208
919595563, 2703285685
920755538, 2703271019
920855819, 2703254891
922012675, 2703236178
922117392, 2831727285
938147638, 2831708460
938247901, 2831688048
938325011, 2831669116
938387410, 2831651904
938451628, 2831632201
938512309, 2831611441
938574569, 2831590916
938644435, 2831569170
938709247, 2831552017
938768432, 2831533672
938830646, 2831514409
938892073, 2831495850
938967995, 2831476610
939029631, 2831457650
939091592, 2831437113
939164752, 2831254797
939224120, 2831236514
939286861, 2831214524
939347105, 2831195818
939432394, 2831174504
939504761, 2831150593
940718156, 2831131639
940796195, 2831111205
941257618, 2831080882
941311065, 2831053958
941364869, 2831028456
941421352, 2831005997
941479343, 2830980135
941550685, 2830922643
941610923, 2830904238
941671093, 2830886701
941729510, 2830869187
941790229, 2830852503
941849482, 2830835395
941910392, 2830816803
941987362, 2830799475
949587803, 2830781317
949650020, 2830761221
949702622, 2830744292
949748260, 2830725716
949794142, 2830707024
949837267, 2830689684
949881752, 2830670166
949924314, 2830650632
949969841, 2830631149
952186686, 2830610578
952243938, 2830587892
952292552, 2830564524
952339553, 2830530746
952383535, 2830487723
952430324, 2830443121
952491356, 2986719728
952539228, 2986703859
952605706, 2986689313
952667480, 2986673825
953780030, 2986657828
953829586, 2986641633
954937225, 2986618287
954985252, 2986602111
955030247, 2986586463
956130586, 2986569636
956169651, 2986552764
957270737, 2986537934
957309976, 2986521851
958403635, 2986505911
959052625, 2986488959
959102454, 2986469314
960197292, 2986452199
960255969, 2986423717
961350539, 2986409550
961392274, 2986393515
962498166, 2986379250
962542367, 2986362709
963635946, 2986347796
963685019, 2986330799
964786581, 2986315677
964826533, 2986301553
965922057, 2986283000
965969042, 2986264921
967073159, 2986235426
967119268, 2986216014
968224458, 2986195835
968283680, 2986173423
968333617, 2986147235
969435308, 2986124390
969517726, 2986103056
970627899, 2986081599
970679314, 2986062374
971785496, 2986040388
971853760, 2986018636
972878604, 2985997158
972942461, 2985972808
973578778, 2985948254
974360932, 2985923858
975476168, 2985899929
975534518, 2985876138
975590280, 2985855770
976705837, 2985834184
976763951, 2985811968
977947822, 2985786586
978016646, 2985757625
979133505, 2985732116
979189982, 2985702726
980326175, 2980347139
980385532, 2980325422
981502892, 2980304150
981563536, 2980282629
982695824, 2980261228
982778731, 2980238686
982835610, 2980215378
983962920, 2980190431
984026375, 2980167836
985130916, 2980144420
985774577, 2980121959
985830158, 2980098482
986950433, 2980046442
987005480, 2980028384
988117270, 2980008972
988170333, 2979990603
989281976, 2979972830
989357851, 2979954684
990481281, 2979937106
990537559, 2979918765
990587387, 2979901649
991700045, 2979881314
991771414, 2979861615
992886564, 2979843547
992957856, 2979825105
994070861, 2979807176
994125563, 2979787556
995247247, 2979768361
995301257, 2979748207
996418861, 2979728663
996485599, 2979709906
998175483, 2979686979
998264672, 2979665585
998361743, 2979645465
998490539, 2979626365
999678238, 2979605618
999774563, 2979584287
1000934041, 2979562061
1001030470, 2979537352
1001131120, 2979512951
1002301462, 2979488651
1002419574, 2979466577
1003585975, 2979442532
1003713958, 2979419083
1004080041, 2979395703
1011010476, 2979371517
1011097269, 2979348428
1011156784, 2979327216
1011215803, 2979306421
1011276539, 2979284210
1011335963, 2979261447
1011443648, 2979239617
1011507223, 2979217076
1011568786, 2979192658
1011629437, 2979167127
1011690573, 2979143115
1011751281, 2979119362
1011814166, 2979090641
1011891375, 3131574113
1013029508, 3131556594
1013099288, 3131538769
1014914635, 3131522418
1014980201, 3131503865
1015057073, 3131485466
1015120298, 3131465766
1016253766, 3131444901
1016309876, 3131425866
1017434580, 3131407607
1017502317, 3131386933
1017879958, 3131367300
1020771043, 3131346033
1020838465, 3131326168
1020889181, 3131304391
1020936919, 3131280106
1020984539, 3131257591
1023262871, 3131233689
1023324276, 3131215963
1023374436, 3131195905
1023449905, 3131178067
1023501999, 3131158336
1024626646, 3131140367
1024683167, 3131121098
1025793217, 3131100088
1025861420, 3131076075
1026975014, 3131051077
1027041188, 3131024625
1028157245, 3130998188
1028224460, 3130971182
1029335792, 3130943005
1029388566, 3130917355
1030500501, 3130859460
1030566466, 3130842877
1030617104, 3130822176
1031728947, 3130799386
1031783087, 3130782056
1032912668, 3130765580
1032968387, 3130747805
1034080097, 3130727789
1034136986, 3130706575
1035249485, 3130687997
1035303053, 3130669699
1036005299, 3130649810
1039308700, 3130632342
1039392349, 3130614678
1039455119, 3130595160
1039515376, 3130578415
1039575291, 3130561239
1039637184, 3130542236
1039696793, 3130524778
1040838800, 3130506673
1053337059, 3130489040
1053397779, 3130469588
1053449186, 3130449569
1053499967, 3130426629
1053547716, 3130397787
1053596416, 3128961518
1053646113, 3128936632
1053696191, 3128913761
1053744757, 3128888957
1053886985, 3128859920
1053940635, 3128833709
1053993440, 3128807280
1054043771, 3128782804
1054096587, 3128757117
1054146012, 3128730627
1054196456, 3128703554
1054246822, 3128669952
1054297429, 3128641983
1054346594, 3128615215
1054397246, 3128584769
1054447220, 3128552725
1055281901, 3128524536
1055337626, 3128491667
1055387686, 3128457809
1055436253, 3128427881
1055484604, 3128392147
1055552617, 3252254639
1055623587, 3252236431
1056749338, 3252217052
1056793378, 3252195800
1057903244, 3252174998
1057947247, 3249882726
1059042535, 3249864459
1059080743, 3249846331
1060176093, 3249827359
1060216556, 3249804683
1061312140, 3249786200
1061352210, 3249768825
1061857906, 3249750252
1069290169, 3249727817
1069352378, 3249679823
1069396168, 3249661729
1069438632, 3249641892
1069518093, 3249621154
1069561590, 3249603075
1069623738, 3249585422
1069667724, 3249566487
1069709261, 3249548124
1069784759, 3249529436
1069831723, 3249509398
1069875169, 3249491848
1069918380, 3249473337
1069961619, 3249453791
1070005298, 3249433098
1071121181, 3249414543
1071171170, 3249395827
1075707795, 3249375894
1075773122, 3249357002
1075818076, 3249336358
1075862683, 3249317579
1075906738, 3249299234
1075970456, 3249281088
1076014253, 3249260064
1076058244, 3249240779
1077134158, 3249220031
1077175965, 3249199827
1077235615, 3249178110
1078335297, 3249157455
1078378240, 3249135640
1079472908, 3249100153
1079512702, 3249077598
1080607025, 3249056933
1080645095, 3249037110
1081748775, 3249017556
1081790911, 3248995087
1082884887, 3248975553
1082925396, 3248953514
1083623209, 3248933506
1084739781, 3248911183
1084780626, 3248889366
1085874167, 3248866054
1085913223, 3248845994
1087008337, 3248822112
1087055811, 3248801381
1088179488, 3248776189
1088241586, 3248748052
1089346942, 3406507788
1089394993, 3406491617
1090499467, 3406478607
1090548586, 3406466824
1090593336, 3406451958
1091714840, 3406438131
1091766897, 3406406151
1092873047, 3406392440
1092921884, 3406373189
1094050480, 3406357835
1094124300, 3406343475
1097633265, 3406324208
1097729426, 3406273544
1097817011, 3406260335
1097900544, 3406248178
1097983956, 3406234472
1098094413, 3406220874
1098188289, 3406207071
1099365283, 3406193918
1099467761, 3406179601
1099551157, 3406167971
1100702270, 3406155722
1100789455, 3406141716
1101961238, 3406127810
1102060128, 3406114226
1103215287, 3406100677
1103345131, 3406086623
1103428790, 3406072944
1104582478, 3406055036
1104670472, 3406042024
1105819451, 3406029065
1107391281, 3406013303
1107490216, 3405998413
1107583768, 3405983041
1107677375, 3405966486
1107811927, 3405951859
1108976076, 3405936317
1109073554, 3405921073
1110242914, 3405904321
1110341444, 3405883297
1111498429, 3405869454
1111616607, 3405854420
1111715680, 3405841396
1112877101, 3405827929
1112990350, 3405813781
1114151351, 3405797311
1114248704, 3405782249
1115408647, 3405764360
1115508329, 3405735177
1115596942, 3404876535
1116764173, 3404858502
1116863217, 3404836399
1118050075, 3565229183
1118166112, 3565219521
1119330528, 3565209797
1119428324, 3565199159
1119523429, 3565189998
1120681108, 3565180896
1120790615, 3565170784
1121972832, 3565159074
1122072653, 3565147893
1123251371, 3565135269
1123350253, 3565119259
1123445519, 3565107316
1124603742, 3565096601
1124704013, 3565086943
1125869137, 3565077239
1125969667, 3565065613
1127130990, 3565055825
1127253866, 3565042921
1127346227, 3565032892
1128504265, 3565020252
1130255048, 3565009250
1130365171, 3564999248
1130454947, 3564987439
1130552586, 3564974676
1130650659, 3564961776
1134359892, 3564947424
1134496009, 3564936216
1134562302, 3564922287
1134625647, 3564908724
1134685409, 3564893291
1134748091, 3564878934
1134808555, 3564863312
1135949210, 3564847284
1136018872, 3564830988
1137138389, 3564813663
1137214345, 3564784433
1137277185, 3558983109
1138430327, 3558962438
1139715523, 3558941302
1139789863, 3558918601
1139851264, 3558889012
1142405944, 3558873166
1142486368, 3558856608
1142572171, 3558842560
1142648040, 3558830183
1142707648, 3558816743
1143842411, 3558802333
1143912352, 3558786036
1143974914, 3558771660
1145107169, 3558756377
1145182639, 3558742573
1146310578, 3558728173
1146378801, 3558715109
1147506394, 3558698981
1147572516, 3558684073
1148701627, 3558670026
1148803183, 3558654907
1149932023, 3558637946
1150000729, 3558622348
1150063016, 3558605273
1151198592, 3558586489
1151266318, 3558568736
1152404027, 3558552382
1152471522, 3558535324
1153596722, 3558517401
1153661673, 3558498060
1154787759, 3558473887
1154853927, 3558449274
1155979004, 3558427581
1156087446, 3558405820
1156162819, 3558386955
1157289335, 3558365154
1157373759, 3558346361
1158505370, 3558325223
1158575316, 3558303617
1159726592, 3558280422
1159798124, 3558259476
1160945541, 3558239293
1161018459, 3558214158
1162148223, 3558193681
1162218023, 3558168889
1164712706, 3558145694
1164791115, 3558124866
1164855248, 3558100281
1164918487, 3558075640
1164980892, 3558047169
1165042726, 3557989128
1167851495, 3557972247
1167970760, 3557957853
1168045661, 3557943202
1168106711, 3557927839
1168166279, 3557915222
1171777037, 3557900877
1171884714, 3557884799
1171949611, 3557870656
1172029179, 3557853299
1172092370, 3557835291
1172155202, 3557820081
1172215484, 3557804061
1172285716, 3557787984
1173438110, 3557769400
1173510556, 3557751566
1174640535, 3557734274
1174707408, 3557717520
1175838439, 3557698844
1177326987, 3557677453
1177390790, 3557650246
1177482228, 3556402173
1177543067, 3556371599
1178681690, 3556336696
1178762098, 3718696271
1179884725, 3718677842
1179945440, 3718655727
1180001158, 3718636330
1181127320, 3718619615
1181188665, 3718602672
1182319487, 3718585898
1182410856, 3718566378
1183539604, 3718547031
1183603493, 3718527487
1184726072, 3718504377
1184786987, 3718482348
1185909190, 3718462585
1185972080, 3718442581
1187092804, 3718423220
1189217007, 3718400775
1189292714, 3718383471
1189405449, 3718364430
1189468447, 3718345416
1189529856, 3718327778
1189589395, 3718310367
1190727478, 3718292036
1190793867, 3718273347
1191922792, 3718254349
1191989347, 3718233703
1193137675, 3718211701
1193206503, 3718191896
1194336620, 3718170695
1194403738, 3718148621
1194491217, 3718125955
1195636403, 3718102584
1195704953, 3718078385
1196832185, 3718032079
1196900321, 3718013623
1198039398, 3717992693
1198124778, 3717962931
1199256231, 3716399824
1199324602, 3716381785
1200460792, 3716361136
1200527425, 3716342262
1200588228, 3716322692
1201715227, 3716304095
1201779694, 3716285438
1202934236, 3716267103
1203004065, 3716245524
1204132126, 3716225091
1204201850, 3716204915
1205376746, 3716185453
1205463272, 3716166290
1206596906, 3716147240
1206665502, 3716126874
1206727082, 3716107685
1207882417, 3716086497
1207955965, 3716067330
1209086251, 3716045687
1209164363, 3716023192
1210500770, 3716002114
1210568874, 3715982450
1210629894, 3715959901
1211767141, 3715938572
1211837730, 3715918074
1212968181, 3715898069
1213034881, 3715878938
1214217807, 3715856102
1214287739, 3715834469
1215445492, 3715810531
1231084709, 3715787785
1231140940, 3715763034
1231185853, 3715741518
1231255347, 3715717450
1231300261, 3715694733
1231343000, 3715671033
1231385017, 3715646793
1231425915, 3715622911
1231468051, 3715598846
1231510927, 3715576090
1231552984, 3715550329
1231593959, 3715520728
1231635790, 3849994009
1231676320, 3849981566
1231719805, 3849970289
1231774529, 3849958936
1231819720, 3849947774
1231872598, 3849935716
1231919416, 3849925677
1231973731, 3849914023
1232028880, 3849903650
1232081604, 3849892132
1232124584, 3849878522
1232167542, 3849867375
1232211396, 3849853814
1232256407, 3849839523
1232299428, 3849806039
1232340947, 3849793604
1232382333, 3849783069
1232426413, 3849768872
1232468683, 3849756981
1233366885, 3849745190
1233410274, 3849733766
1233453233, 3849721909
1240450374, 3849711418
1240497259, 3849700175
1240545504, 3849689904
1240584324, 3849679547
1240623756, 3849666029
1240653724, 3849652067
1240683751, 3849635532
1240714383, 3849624615
1240745368, 3849610840
1240774378, 3849599604
1240803526, 3849588724
1240832803, 3849577872
1240861934, 3849564551
1241957659, 3849552699
1241995495, 3849539874
1243083461, 3849527231
1243127136, 3849515339
1244242560, 3849501299
1244276009, 3849488345
1245364709, 3849462738
1246030916, 3849446119
1246092742, 3849430396
1246135057, 3849413299
1247241870, 3849395668
1247288235, 3849378890
1248389685, 3849362133
1248433881, 3849345390
1249536272, 3849328161
1249601487, 3849310524
1250716116, 3849291583
1250774906, 3849273506
1251914820, 3849256823
1251975976, 3849238881
1253088984, 3849220920
1253155785, 3849202874
1254281397, 3849180871
1254349577, 3849159497
1255465152, 3848144587
1255540958, 3999858460
1255596501, 3999843125
1260994160, 3999828086
1261139924, 3999812670
1261230383, 3999794844
1261313045, 3999778003
1261389381, 3999740430
1261468154, 3999725293
1261539145, 3999710197
1261609573, 3999694477
1261680507, 3999677362
1261752623, 3999659029
1261825171, 3999643086
1264119285, 3999625681
1264209431, 3999609924
1264304119, 3999594816
1264377827, 3999577846
1264448609, 3999560267
1265596804, 3999543626
1265673317, 3999524156
1266809724, 3999505377
1266902722, 3999488359
1268045358, 3999469340
1268123644, 3999451779
1269260635, 3999432112
1269343126, 3999414972
1270481932, 3999396241
1270565973, 3999377537
1270643009, 3999357494
1273720123, 3999332058
1273840812, 3999309803
1273958398, 3999283557
1274036657, 3999259719
1274124232, 3999239141
1274200119, 3999212740
1275354291, 3999186275
1275456568, 3999162919
1276600580, 3999138345
1276685734, 3999108971
1276762245, 3999083538
1279548202, 3999052172
1279649183, 3999024349
1279726056, 3998998579
1279806215, 3998972242
1279883920, 3998941054
1281029404, 3998916922
1281166475, 3998888589
1281245241, 3998859706
1282391459, 3998833989
1282472224, 3998804904
1283615061, 3998771730
1283695767, 3998738337
1284839708, 4177642793
1284921992, 4177623845
1285011612, 4177606131
1286173603, 4177588994
1286267986, 4177571077
1287429481, 4177554094
1287527471, 4177535362
1287885851, 4177518362
1289210921, 4177500743
1289306359, 4177481646
1290454144, 4177464037
1291786379, 4177444347
1291881381, 4177426874
1291969552, 4177408236
1292061743, 4177391014
1293224413, 4177371652
1293320588, 4177352124
1293420082, 4177317709
1294579377, 4177300742
1294674867, 4177284194
1295831043, 4177265096
1295958706, 4177246345
1297116916, 4177228085
1297242671, 4177210391
1297333924, 4177193125
1298517348, 4177176288
1298615377, 4177156439
1299784065, 4177137382
1299880327, 4177109404
1301040262, 4177090310
1301145999, 4177071014
1302045701, 4177050602
1302109368, 4177033387
1303245622, 4177015804
1303315333, 4176995665
1303389599, 4176976157
1304518137, 4176955930
1304582470, 4176938350
1305758874, 4176918111
1305850248, 4176897284
1306994259, 4176878454
1307060992, 4176858629
1308203337, 4176836880
1308279098, 4176815093
1308340533, 4176793029
1309492845, 4176770539
1309606275, 4176747914
1310771252, 4176725495
1310868821, 4176703760
1312029514, 4176682097
1312123761, 4176660003
1313532139, 4176637137
1313596941, 4176594482
1313663023, 4174083863
1314796304, 4174063790
1314870947, 4174043231
1316042597, 4174020967
1316150990, 4173998219
1316215645, 4173974975
1317342160, 4173952961
1317407761, 4173932334
1318534626, 4173909797
1318600135, 4173887410
1319727378, 4173866422
1319791495, 4173815537
1320918014, 4173798138
1320984701, 4173780345
1322111144, 4173760533
1322179344, 4173740513
1322242149, 4173720258
1323370691, 4173700355
1325447360, 4173681507
1325524539, 4173664235
1325640293, 4173641435
1325747499, 4173622839
1325826880, 4173603646
1326967960, 4173582697
1327040328, 4173563483
1328170437, 4173544237
1328238085, 4173522506
1329364333, 4173502056
1329434686, 4173481963
1329497151, 4173460251
1330624574, 4173435697
1330703518, 4173410593
1333566795, 4173388687
1333653992, 4173370280
1333716074, 4173350413
1333776471, 4173331285
1333836022, 4173309812
1333922757, 4173287623
1335056658, 4173264557
1335155155, 4173239930
1336288513, 4173215924
1336356563, 4173194233
1337481832, 4173171934
1337549804, 4173150782
1339908123, 4173113296
1339974037, 4173091748
1340037322, 4173069574
1340099463, 4173048953
1340162598, 4173026492
1341295584, 4173004907
1341391820, 4172983232
1342524860, 4172959049
1342594159, 4172937209
1343725062, 4172912308
1343814052, 4172886885
1344870680, 4172860334
1344989282, 4172827823
1345084194, 4357203430
1347607773, 4357190608
1347690963, 4357181535
1347756891, 4357170528
1347819529, 4357159522
1347882156, 4357149558
1349019784, 4357137634
1349091894, 4357123523
1350240781, 4357107100
1350314390, 4357095571
1351472461, 4357083338
1351539604, 4357072109
1352668109, 4357060055
1352733976, 4357048213
1352795172, 4357036686
1355664628, 4357026309
1355790259, 4357014709
1355856303, 4357004798
1355934991, 4356992657
1356001324, 4356980519
1357143433, 4356961337
1357221761, 4350053512
1357284060, 4350036325
1358415396, 4350018753
1358507993, 4350001392
1359643009, 4349983957
1359710908, 4349967909
1360841572, 4349951638
1360909613, 4349933363
1362049707, 4349915264
1362122465, 4349896482
1363251592, 4349875576
1363339839, 4349830560
1363412579, 4349812144
1364560591, 4349794080
1364647714, 4349772666
1366333315, 4349756241
1366396730, 4349740469
1366457281, 4349725317
1367593764, 4349709501
1367661841, 4349695360
1368788903, 4349680875
1368854195, 4349666655
1368914856, 4349649154
1370038927, 4349633861
1370108256, 4349619780
1371235532, 4349604495
1371325161, 4349589097
1372459174, 4349573693
1372526764, 4349557761
1373671896, 4349539210
1373738403, 4349521933
1374867270, 4349503601
1374932941, 4349484167
1376059877, 4349461956
1376125600, 4349438242
1379175257, 4349422351
1379241584, 4349406003
1379302834, 4349391131
1379363170, 4349375733
1379423919, 4349359535
1379486149, 4349343253
1379577093, 4349326848
1380716327, 4349311455
1380802028, 4349296563
1381931709, 4349281442
1382038639, 4349265842
1383167270, 4349250457
1383249302, 4349232897
1384377878, 4349215785
1384447810, 4349200677
1384510839, 4349184723
1385641025, 4349169739
1385714855, 4349152359
1386842480, 4349133400
1386909171, 4349108664
1388038249, 4349092043
1388108124, 4349070670
1388653692, 4471259740
1389933164, 4465850069
1390044978, 4465829666
1390121637, 4465811312
1391258733, 4465790656
1391331108, 4465758521
1392505842, 4465740840
1392572781, 4465724583
1393706479, 4465706526
1393798576, 4465687327
1394865195, 4465669804
1394960427, 4465651036
1395047717, 4465631813
1396100278, 4465613117
1410346214, 4465595177
1410417251, 4465577339
1410477966, 4465558912
1410587208, 4465540794
1410647488, 4465522264
1410703677, 4465502478
1410761579, 4465481958
1410817057, 4465461848
1410891222, 4465442054
1410949111, 4465420846
1411009090, 4465399257
1411067277, 4465378805
1411124124, 4465358222
1411195686, 4465337883
1411269697, 4465313397
1411325662, 4465290498
1411411176, 4465262544
1411478488, 4465235326
1411542944, 4465207722
1411585420, 4465183621
1412351996, 4465156424
1412424176, 4465118595
1412464385, 4465089580
1412505146, 4465064777
1412544272, 4465038775
1412584777, 4465010258
1412625033, 4464983607
1412666126, 4464958817
1412706798, 4464927214
1412746297, 4464902580
1412786399, 4464872783
1413900238, 4464847353
1413947493, 4464815757
1415048228, 4464777542
1415115201, 4464743111
1416221394, 4464715106
1416279747, 4464683692
1417386780, 4464636112
1417442013, 4464609173
1418545698, 4464575325
1418592746, 4464542275
1426855824, 4464508001
1426907454, 4464471764
1426978932, 4464435044
1427027923, 4464395854
1427085534, 4464324698
1427134060, 4642230153
1427185248, 4642209863
1427231766, 4642189306
1427277867, 4642171580
1427325618, 4642154805
1427385783, 4642136613
1427436324, 4642118563
1427495119, 4642101315
1427553090, 4642082132
1427601199, 4642063157
1427650692, 4642043477
1428774117, 4642024516
1428828281, 4642006241
1429937473, 4641987435
1429994413, 4641967416
1430993365, 4641948763
1431045624, 4641930342
1432161866, 4641911321
1432208721, 4641892908
1432248428, 4641874720
1433350458, 4641855662
1433396024, 4641833883
1434515293, 4641813639
1434562360, 4641793656
1435685814, 4641771837
1435731964, 4641748570
1436834233, 4641727791
1436880708, 4641704057
1437985975, 4641681576
1438044844, 4641660560
1439154543, 4641616256
1439200026, 4639666728
1440304462, 4639613353
1440349691, 4639596034
1441452490, 4639576998
1449460055, 4639560339
1449564736, 4639541976
1449636482, 4639524198
1449701927, 4639505463
1449784677, 4639486175
1449841211, 4639465264
1449897286, 4639447862
1449965505, 4639428279
1450021147, 4639410710
1450074384, 4639392302
1450127613, 4639368862
1450192857, 4639347244
1450261389, 4639325365
1450315655, 4639302788
1450379438, 4639268392
1450433086, 4639226882
1450488963, 4639180587
1450561251, 4826855054
1457512176, 4826844822
1457570862, 4826835851
1457610742, 4826827391
1457679031, 4826818595
1457724269, 4826806939
1457762949, 4826796040
1457801218, 4826786589
1457841870, 4826773819
1457881604, 4826763333
1457985512, 4826753588
1458051999, 4826742887
1458106985, 4826732799
1458887494, 4826722626
1458941650, 4826712215
1458995423, 4826702267
1460118148, 4826687622
1460183375, 4826665480
1461297333, 4826656708
1461376402, 4826646783
1462490788, 4826638708
1462550188, 4826629199
1463683445, 4826619160
1463735980, 4826607759
1464837977, 4826595310
1464893618, 4826584387
1465940474, 4826574573
1466013262, 4826561969
1468660472, 4826551539
1468722663, 4826542849
1468766127, 4826531189
1468811520, 4826521398
1468855015, 4826507308
1468897645, 4826497833
1470003593, 4826488217
1470056499, 4826476868
1471159855, 4826465457
1471209428, 4826452843
1472327121, 4826442800
1472400127, 4826432295
1473507204, 4826421190
1473568620, 4826411962
1474688598, 4826399818
1474754391, 4826389099
1475873547, 4826377824
1475948592, 4826365480
1477102824, 4826349683
1477173998, 4826319665
1477237715, 4818501733
1478364448, 4818486122
1478428072, 4818472311
1479551973, 4818453953
1479616421, 4818440152
1480735980, 4818426586
1480800633, 4818412457
1481940233, 4818397164
1482031047, 4818381598
1483157049, 4818365743
1483256826, 4818349717
1483348345, 4818334065
1484490639, 4818318082
1484578285, 4818300365
1485734857, 4818280781
1485822303, 4818264223
1486966097, 4818232565
1487051066, 4818217727
1490950312, 4818202708
1491046711, 4818188926
1491127682, 4818173789
1491203727, 4818161228
1491282872, 4818147772
1491364207, 4818131204
1491443158, 4818116464
1491520779, 4818101895
1492704162, 4818085298
1492795317, 4818071454
1492895882, 4818058910
1494055312, 4818046046
1494167505, 4818032777
1495353243, 4818020207
1495450450, 4818006052
1496610989, 4817991185
1496705878, 4817975029
1496817923, 4817957885
1498018172, 4817942719
1498115270, 4817924559
1499283547, 4817907715
1499378391, 4817892964
1499482924, 4817880517
1500644270, 4817866155
1500742448, 4817851757
1501898813, 4817837214
1502023267, 4817822174
1502869026, 4817808221
1502996868, 4817789762
1507579577, 4817771399
1507701295, 4817752409
1507766168, 4817734695
1507827742, 4817714146
1508980631, 4817695694
1509070823, 4817679632
1509145795, 4817663225
1509215645, 4817646562
1509278073, 4817630528
1509339359, 4817615181
1509402862, 4817596863
1509464917, 4817579232
1510606709, 4817561727
1510674821, 4817537976
1511805606, 4817515849
1511872588, 4988402540
1513000961, 4988389552
1513106125, 4988377805
1514259419, 4988363504
1514329828, 4988349731
1515465120, 4988333360
1515534942, 4984468531
1515615152, 4984449138
1516748060, 4984430649
1518292606, 4984412113
1518363929, 4984382633
1518429441, 4984365521
1518490409, 4984348347
1519624737, 4984330355
1519696380, 4984312860
1520824521, 4984292620
1520891513, 4984274247
1522019315, 4984253809
1522087723, 4984234331
1523269728, 4984213145
1523338115, 4984191346
1523416858, 4984172356
1524546472, 4984151895
1524614676, 4984130349
1525741255, 4984109241
1525826413, 4984088159
1526971399, 4984067830
1527048681, 4984045394
1528177595, 4984019130
1528250654, 4983994913
1529644785, 4983975313
1529736145, 4983955674
1529800447, 4983935234
1530935822, 4983907964
1531004123, 4983883889
1532133120, 4983856221
1532198480, 4983828706
1532279378, 4983802560
1533410671, 4983778394
1533496705, 4983750336
1534624391, 4983722052
1534693701, 4983692269
1535820248, 4983658691
1535905445, 4983629906
1537035660, 4983596745
1537101991, 4983567524
1538238145, 4983537345
1538306624, 4983505898
1538369253, 4983474501
1539498571, 4983444100
1542235312, 4983415956
1542328351, 4983385223
1542395506, 4983352270
1542457728, 4983323506
1542537283, 4983288061
1542598584, 4983257583
1543735625, 4983204293
1543815189, 4983182883
1543898814, 4983162938
1545047570, 4983138451
1545142176, 4983118706
1546273755, 4983099556
1546346675, 4983079652
1547475917, 4983057312
1547543056, 4983034912
1548671471, 4983009552
1548743227, 4982986373
1549872888, 4982963373
1549940351, 4982936954
1550027394, 4982906934
1551613031, 4982877201
1551700684, 4982856495
1551762904, 4982833565
1552896165, 4982809946
1552964879, 4982782152
1554092292, 4982741513
1554181409, 4982639856
1555324418, 4980832005
1555392322, 5135582575
1556517456, 5135561457
1556583436, 5135541626
1557708705, 5135521575
1557772766, 5135501376
1557832936, 5135478610
1558557158, 5135456516
1563705592, 5135434432
1563792064, 5135409918
1563886373, 5135370100
1565513016, 5134074569
1565578787, 5134055426
1565640131, 5134035005
1565700487, 5134012360
1565760284, 5133974586
1565836108, 5133957218
1565899394, 5133938441
1565985124, 5133918339
1566045440, 5133895737
1566108581, 5133875034
1566168204, 5133855051
1567307245, 5133833919
1567377621, 5133814576
1568508266, 5133794158
1568617625, 5133771499
1569746601, 5133751563
1569813665, 5133731394
1570956887, 5133712086
1571043379, 5133692365
1571114433, 5133668598
1573429802, 5133645439
1573504722, 5133626666
1573567431, 5133606456
1573627723, 5133588321
1574790787, 5133568613
1574859081, 5133549526
1575997290, 5133529469
1576063873, 5133508498
1576124728, 5133486989
1578153227, 5133465367
1578239304, 5133445644
1578300464, 5133423353
1578388651, 5133400397
1579525196, 5133379638
1579596072, 5133360860
1580743907, 5133339087
1580817808, 5133316701
1581945410, 5133294261
1582021568, 5133272175
1583157761, 5133246356
1583227018, 5133223212
1584356668, 5133201542
1584433168, 5133181246
1585534192, 5133157562
1585595906, 5133131468
1585659465, 5133096344
1586824571, 5133075966
1586933542, 5133052510
1588064854, 5133026164
1588132473, 5132996088
1589260567, 5306146601
1589327990, 5306124847
1590471703, 5306107621
1590560474, 5306088162
1590623397, 5306067844
1591753206, 5306027934
1591822696, 5304492257
1592953004, 5304474066
1593020654, 5304456252
1593564837, 5304438439
1608986797, 5304420825
1609101061, 5304402841
1609168608, 5304386417
1609221845, 5304367268
1609268283, 5304350573
1610084041, 5304331206
1610132694, 5304312303
1610183027, 5304292872
1610228614, 5304275519
1610274388, 5304257170
1610319187, 5304237950
1610363519, 5304218223
1610406969, 5304197308
1610469331, 5304176980
1610513015, 5304157192
1610556321, 5304138249
1610600532, 5304118537
1610643857, 5304098740
1610703371, 5304078681
1610756414, 5304057395
1610809739, 5304036148
1610856184, 5304013800
1610899366, 5303992500
1610946117, 5303971023
1610990412, 5303950056
1616382296, 5303929355
1616435723, 5303908432
1616470745, 5303888102
1616502669, 5303866697
1616542171, 5303843551
1616590434, 5303821783
1616623532, 5303799787
1616656263, 5303776771
1616695091, 5303742738
1616729389, 5303719086
1616763468, 5303695869
1616802868, 5303672393
1616837156, 5303648868
1616878615, 5303623127
1616913388, 5303598596
1616945634, 5303572468
1616977880, 5303542799
1618351404, 5494956663
1618406746, 5494943099
1618438846, 5494932582
1619536762, 5494918906
1619573447, 5494907281
1620673133, 5494895528
1624343409, 5494881374
1624377632, 5494865857
1624410236, 5494849143
1624443194, 5494837103
1624475173, 5494825217
1624505457, 5494813472
1624546672, 5494800975
1624574958, 5494788008
1625665029, 5494775279
1625694861, 5494763338
1626780008, 5494750725
1626809258, 5494739581
1627892290, 5494727063
1627921599, 5494715087
1629006439, 5494700844
1629049305, 5494686301
1630158024, 5494670722
1630202800, 5494655950
1631295779, 5494641072
1631328337, 5493966717
1631813509, 5493952656
1632906145, 5493940646
1632937312, 5493927651
1634020730, 5493914493
1634051430, 5493901629
1635139963, 5493887789
1635175530, 5493873703
1636265232, 5493861274
1636302105, 5493847972
1637394617, 5493833880
1637433401, 5493820180
1638525077, 5493806892
1638563747, 5493792981
1639672827, 5493778552
1639725551, 5493754417
1640834457, 5493740529
1640874366, 5493730200
1641976124, 5493716707
1642014664, 5493704776
1643106700, 5493693468
1647132127, 5493682795
1647191198, 5493669778
1647238665, 5493658567
1647282138, 5493645996
1647332867, 5493633228
1647379923, 5493620975
1647424394, 5493591907
1647468326, 5493576762
1647511525, 5493563628
1649443139, 5493548439
1649521333, 5493534121
1649577878, 5493520732
1649620071, 5493505318
1650756549, 5493489566
1650831179, 5493473653
1651967604, 5493457828
1652037803, 5493443442
1653146603, 5493427703
1653214869, 5493411465
1654344603, 5493395324
1654412148, 5493379589
1654483585, 5493363614
1655608668, 5493348783
1655694473, 5493333325
1663304448, 5493317748
1663381379, 5493301725
1663456663, 5493285564
1663601037, 5493267472
1663678269, 5493242373
1663751599, 5493226000
1663827464, 5493212160
1663919775, 5493196896
1663998501, 5493178377
1664069606, 5493114616
1664147963, 5493098483
1664219250, 5493079817
1664293900, 5493064605
1664364821, 5493049191
1664452924, 5493030414
1664536213, 5493013533
1665683649, 5492980688
1665749175, 5492964963
1666868658, 5492949204
1666932309, 5492934526
1668075687, 5492921805
1668155225, 5492908348
1669283552, 5492893436
1669343121, 5492878893
1670462305, 5492864434
1670553203, 5492848731
1670628400, 5492833776
1671746019, 5492814902
1671808515, 5492787869
1672924189, 5484700647
1672984742, 5484669416
1674100624, 5484642400
1674165220, 5484612741
1675314153, 5484584885
1675381365, 5484545036
1676500181, 5484518982
1676584566, 5484489072
1677721678, 5484460923
1677821310, 5484430219
1677895855, 5484385484
1678348718, 5674374277
1679506059, 5674359746
1679589716, 5674344719
1680735177, 5674330782
1680818549, 5674314966
1681961126, 5674301814
1682041994, 5674288083
1683185300, 5674274446
1683271838, 5674260215
1683358272, 5674245356
1684499801, 5674230781
1684648357, 5674217741
1685800031, 5674202567
1685899513, 5674188645
1687059127, 5674173344
1687171422, 5674158683
1687264959, 5674143046
1688435354, 5674127483
1688535547, 5674110792
1689687596, 5674096412
1689786749, 5674080585
1691404995, 5674066187
1691495683, 5674050786
1691586706, 5674034659
1691674667, 5674017446
1692841004, 5673993352
1692947986, 5673925214
1694930676, 5666956388
1695057180, 5666938998
1695166594, 5666920862
1695268526, 5666902210
1696448939, 5666880588
1696585052, 5666846652
1696679993, 5666832876
1697838524, 5666818713
1697936482, 5666807370
1699092510, 5666793010
1699193237, 5666780788
1700351918, 5666766430
1700457651, 5666753353
1700561321, 5666736302
1701721438, 5666722123
1701818908, 5666706822
1703461667, 5666692715
1703575114, 5666680927
1703673017, 5666667434
1704835516, 5666654114
1706213072, 5666641195
1706343007, 5666627631
1706455571, 5666611848
1706546786, 5666588950
1707715204, 5666565718
1707810418, 5666543756
1707899890, 5666519692
1709053538, 5666498303
1709165272, 5666472716
1710321235, 5666445010
1710419857, 5666418262
1711572632, 5666394822
1711670183, 5666363776
1711802265, 5666342972
1712981795, 5666321630
1713080151, 5666302731
1714254354, 5666284467
1714354179, 5666265145
1714443808, 5666244725
1715623299, 5666212986
1716043358, 5666192975
1716140978, 5666169423
1717303643, 5666148535
1717401824, 5666126361
1718569088, 5666106690
1718668873, 5666078637
1719825048, 5666058521
1719921268, 5666034197
1720011332, 5666012695
1721137425, 5665988256
1721235774, 5665961901
1722434972, 5802388552
1722541285, 5802371816
1723702323, 5802354201
1723800906, 5802335331
1723888705, 5802311873
1725064788, 5802294514
1725171950, 5802277559
1728365473, 5802259831
1728478163, 5802241891
1729298618, 5802221127
1729390379, 5802200476
1729482278, 5802182422
1729576756, 5802162122
1729679173, 5802144445
1729771629, 5802126672
1730333219, 5802107582
1731745695, 5802087874
1731836449, 5802067143
1731901424, 5802047228
1732989130, 5802027478
1733065388, 5802006718
1734217102, 5801986712
1735351875, 5801963449
1735415449, 5801944960
1735505976, 5801924540
1735579030, 5801906270
1736712397, 5801885995
1736770823, 5801867861
1737889812, 5801846238
1737946680, 5801826379
1739062880, 5801807852
1739119024, 5801788915
1740233295, 5801768104
1740288985, 5801747951
1741421257, 5801728155
1741501662, 5801705837
1742622830, 5801685919
1742682322, 5801666805
1743798361, 5801646191
1743857348, 5801626032
1743910357, 5801603346
1745045367, 5801582125
1746583275, 5801560457
1746664102, 5801496108
1746756724, 5801477632
1746819816, 5801459998
1747956499, 5801441334
1748029087, 5801424302
1749138180, 5801406274
1749207495, 5801387925
1750337208, 5801369427
1750428178, 5801350964
1751573344, 5801332427
1751647237, 5801314974
1751713654, 5801295909
1752846217, 5801277600
1752913921, 5801259095
1754055546, 5801234557
1754123698, 5801193556
1755252587, 5801105426
1755319376, 5982142995
1756448053, 5982122459
1756524327, 5982097285
1757876483, 5982056685
1757971386, 5982038743
1758035768, 5982020746
1759185102, 5982001905
1759274798, 5981985394
1760445993, 5981966021
1760529246, 5981946297
1760592844, 5981928119
1761720932, 5981907842
1761787287, 5981889504
1762915170, 5981869886
1762981144, 5981851655
1764107512, 5981833085
1764174125, 5981811845
1765299788, 5981789152
1765366367, 5981770473
1766493769, 5981748268
1766562348, 5981727427
1767691227, 5981706828
1767778880, 5981685620
1770282680, 5981666307
1770351494, 5981646681
1770442389, 5981624089
1770526237, 5981601497
1770587427, 5981573381
1770681038, 5978509907
1771822421, 5978488014
1771896703, 5978464992
1773026284, 5978441857
1773093589, 5978419905
1774246881, 5978395416
1774316425, 5978374259
1775443776, 5978352852
1775509902, 5978329505
1775571499, 5978300742
1776708694, 5978278717
1776804389, 5978256354
1777933135, 5978231299
1778002084, 5978209615
1779135101, 5978183331
1780501201, 5978153684
1780568718, 5978131635
1780628978, 5978105374
1780719948, 5978075200
1781858866, 5978037375
1781926622, 5977960441
1783053770, 5977920563
1783120728, 5977876160
1784246974, 5977828876
1784311758, 6141481785
1785437390, 6141468658
1785501786, 6141455283
1785563425, 6141441564
1786714740, 6141428329
1786783727, 6141416246
1787914088, 6141402408
1787981785, 6141391029
1789133063, 6141377675
1789217013, 6141364723
1790345811, 6141352523
1794024928, 6141338299
1794151943, 6141322704
1794220546, 6141308362
1794285270, 6141293268
1794349941, 6141277917
1794414408, 6141261514
1794475440, 6141245855
1794539613, 6141229104
1794601707, 6141214184
1795780560, 6141200127
1795852507, 6141183407
1796981738, 6141166217
1797051903, 6141152474
1798192305, 6141136849
1798297705, 6141115102
1798378412, 6141099039
1799510756, 6141083928
1799578693, 6141066323
1800706388, 6141047705
1800804713, 6141026184
1801940761, 6141003968
1803992656, 6140991564
1804058411, 6140977058
1804120404, 6140960708
1804181277, 6140945126
1804240698, 6140930212
1805375048, 6140913681
1805468557, 6140895849
1806024612, 6140867811
1806126265, 6140853550
1812033348, 6140839436
1812160119, 6140828293
1812255113, 6140813980
1812318667, 6140801114
1812382768, 6140789614
1812444439, 6140775906
1812506175, 6140763215
1812599887, 6140748037
1812667382, 6135891075
1812727481, 6135879618
1812797829, 6135869816
1812859657, 6135856532
1813928232, 6135843083
1814007544, 6135831030
1815144687, 6135816623
1815216979, 6135802051
1816351154, 6135788034
1816452706, 6135773837
1817581605, 6135756375
1817667440, 6135740902
1818801854, 6135729993
1818863467, 6135715106
1818917985, 6135701892
1820046038, 6135687303
1821228512, 6135674093
1821283754, 6135659430
1821338947, 6135645185
1822463543, 6135632228
1822525482, 6135619836
1823646116, 6135607711
1823705950, 6135595982
1824823961, 6135583573
1824881298, 6135571236
1825996608, 6135554058
1826072808, 6135543193
1826126476, 6135528941
1827259175, 6135514631
1827343509, 6135501612
1828474501, 6135486775
1828543200, 6135467579
1829670590, 6135443774
1829739450, 6135426161
1830868392, 6135403733
1830936779, 6135380157
1847202140, 6135350200
1847297050, 6135316582
1847365793, 6135295602
1847427630, 6135276956
1847514851, 6135254786
1847559823, 6135232938
1847600906, 6135210579
1847642245, 6135192089
1847687612, 6135172762
1847728872, 6135151923
1847770379, 6135129866
1847812376, 6135108788
1847863303, 6135085665
1847908254, 6135067644
1847950257, 6135051979
1847991902, 6135038109
1848036248, 6135024886
1848107838, 6135012223
1848175175, 6134995602
1848218556, 6134978534
1849173445, 6134957618
1849238471, 6134935829
1849281967, 6134884524
1849322154, 6134864033
1849362094, 6134841803
1849403830, 6315361400
1849446211, 6315330787
1849486848, 6315314852
1849527520, 6315299263
1849568486, 6315284585
1849615659, 6315267533
1849657737, 6315250195
1849706568, 6315230642
1849747145, 6315215079
1850867024, 6315201514
1850938693, 6315171846
1852045115, 6315152188
1852090601, 6315132473
1853210919, 6315113433
1853260806, 6315092153
1854364189, 6315071125
1862872188, 6315049360
1862927454, 6315025299
1862973392, 6315004590
1863016441, 6314982684
1863060976, 6314961851
1863102645, 6314940829
1863146422, 6314915550
1863201547, 6314890890
1863247307, 6314865832
1863288931, 6314840566
1863331625, 6314812374
1863397218, 6314784061
1863447244, 6314759107
1863491632, 6314733453
1863533379, 6314702169
1863595727, 6314674708
1863643043, 6314646114
1863684382, 6314615996
1865255833, 6314586774
1865314289, 6314558833
1865354081, 6314518337
1866462800, 6314484674
1866508298, 6314454047
1866839437, 6314423809
1873271358, 6314391253
1873322646, 6314359876
1873358914, 6314327366
1873393753, 6314293409
1873429707, 6314265295
1873464794, 6314231075
1873499421, 6314198222
1873534058, 6314108582
1873567181, 6314087911
1873617539, 6314069154
1873652955, 6314048024
1873695677, 6314026072
1874805986, 6314005477
1875357473, 6313984426
1875391862, 6313964010
1876487362, 6313943305
1876525967, 6313924489
1877652530, 6313904033
1877691770, 6313883490
1878784368, 6313861094
1878821203, 6313814915
1879912136, 6307364093
1879948439, 6307345251
1881037263, 6307325322
1881072591, 6307303988
1882163410, 6307283734
1882199234, 6307261099
1882233414, 6307240137
1883338503, 6307219228
1883394230, 6307197605
1884498883, 6307177165
1884537136, 6307142564
1885631131, 6307113890
1889134507, 6307089571
1889182089, 6307059306
1889245556, 6307014266
1889291695, 6306959419
1889335044, 6306901367
1889387442, 6459305277
1889429753, 6459289422
1889471455, 6459274313
1890584440, 6459258541
1890633851, 6459243578
1891739701, 6459227932
1891786338, 6459210866
1892892472, 6459193726
1892956640, 6459177698
1894083561, 6459161086
1894144809, 6459143837
1895248007, 6459124666
1895295179, 6459106538
1896409716, 6459088844
1896467879, 6459073587
1897345317, 6459056603
1897393250, 6459039725
1898503856, 6459022913
1898551095, 6459006061
1899655344, 6458985056
1899709790, 6458946347
1900824294, 6458930917
1900880226, 6458915379
1901995494, 6458899286
1902054379, 6458884269
1903170070, 6458869112
1903226468, 6458853082
1904367848, 6458835791
1904427321, 6458819029
1904504508, 6458801833
1905621628, 6458784575
1905710372, 6458767669
1906832576, 6458749864
1906892119, 6458733728
1908010734, 6458717076
1914898474, 6458698602
1914995744, 6458681219
1915059128, 6458664943
1915119299, 6458647302
1915179652, 6458630493
1915242572, 6458610358
1915303666, 6458590746
1915367609, 6458555780
1915428127, 6457105383
1915531451, 6457084863
1915594493, 6457063689
1915672653, 6457039139
1915742428, 6457012225
1915818930, 6456985339
1915905845, 6456953698
1917051394, 6456930390
1917119669, 6456902992
1917220554, 6456876870
1918409652, 6456845956
1918505197, 6456801410
1919669680, 6456766535
1921129755, 6456726037
1921245565, 6456677033
1921336523, 6456647147
1921412827, 6456613954
1927660761, 6645840776
1927763828, 6645818401
1927852183, 6645794958
1927929020, 6644585975
1928035679, 6644566363
1929019383, 6644546341
1929109381, 6644527124
1929177683, 6644507536
1929235465, 6644489712
1929294150, 6644472246
1929357844, 6644454246
1929415964, 6644436807
1929474418, 6644418935
1929536192, 6644401196
1929595220, 6644382742
1930725604, 6644363619
1930825597, 6644345495
1931591014, 6644326655
1932718039, 6644308541
1932778302, 6644289226
1932835794, 6644268951
1933970426, 6644248872
1934030743, 6644227825
1935158498, 6644208353
1935224147, 6644187534
1936364123, 6644166984
1936434080, 6644146525
1937556989, 6644125580
1937624845, 6644105787
1938748365, 6644084171
1938812537, 6644062485
1939937321, 6644041961
1940037373, 6644022016
1940125383, 6644002802
1941281600, 6643979647
1941369101, 6643960546
1942509760, 6643938237
1942594695, 6643918525
1943753667, 6643898373
1943838572, 6643877673
1943946272, 6643858468
1945103569, 6643838623
1945192854, 6643814377
1946336361, 6643774650
1946419679, 6643756070
1947565693, 6643738802
1948994143, 6643719575
1949073181, 6643697926
1949161380, 6643665455
1949237966, 6643626557
1950409999, 6643587357
1950517739, 6643540486
1950627617, 6857656386
1951791180, 6857642398
1951887741, 6857629714
1953088500, 6857617683
1953198332, 6857603604
1954357584, 6857590082
1954467289, 6857573561
1954573276, 6857561557
1955732955, 6857549499
1955831743, 6857535843
1956994062, 6857522902
1957087571, 6857509432
1958255641, 6857495510
1958352850, 6857479706
1958620295, 6857463481
1959821681, 6857446203
1959922171, 6857426667
1960013651, 6857409361
1961193637, 6857394153
1961288678, 6857379267
1962449840, 6857364192
1962566099, 6857348273
1963726950, 6857333943
1963847335, 6857316737
1963947891, 6857300264
1964868458, 6857284811
1965005115, 6857267751
1969063779, 6857252619
1969234216, 6857236133
1970705376, 6857219876
1970768764, 6857203393
1970831034, 6857186705
1970890897, 6857173064
1970952430, 6857156939
1971011502, 6857141893
1971071690, 6857119027
1971130717, 6857102729
1971192518, 6857086571
1973986931, 6857067339
1974066770, 6857050494
1974172482, 6857035464
1974238353, 6857019799
1974299755, 6857004023
1975452776, 6856975262
1977103416, 6856962205
1977182756, 6856948253
1977269475, 6856933301
1977329015, 6856916276
1977387953, 6856902815
1978524245, 6856889787
1978593785, 6856876851
1979726172, 6856861427
1979791793, 6856847770
1980919100, 6856835136
1980980800, 6856819260
1982106849, 6856802977
1982187087, 6856785208
1982245713, 6856769328
1983399302, 6856752992
1983466543, 6856739094
1984608575, 6856722673
1984670217, 6856708776
1985795598, 6856690840
1985876812, 6856675536
1987019514, 6856655225
1987084996, 6856634205
1988218246, 6856618528
1988281288, 6856604247
1988338833, 6856588990
1989462635, 6856573849
1989533002, 6856559272
1990668209, 6856545831
1990746659, 6856529117
1991915252, 6856514137
1991984053, 6856499228
1993114016, 6856482699
1993209955, 6856467950
1993535966, 6856447924
1998234696, 6841491499
1998322565, 6841465574
1999526590, 6841436442
1999587635, 6841414797
1999648338, 6841394397
1999707110, 6841371090
1999770123, 6841348350
1999831670, 6841326867
1999892224, 6841303835
1999952535, 6841280644
2000012763, 6841256070
2000072554, 6841215202
2001230506, 6841195430
2001298494, 6841176688
2002444100, 6841156157
2002512870, 6841135354
2003689440, 6841102195
2003775630, 6841078970
2004908738, 6841041599
2004977508, 6841000502
2005037173, 6840963360
2006167643, 6840934841
2008152592, 6840898147
2008220923, 6840860298
2008285903, 6840818696
2008346682, 6840776178
2008408225, 6840738445
2009540843, 6840694171
2009609236, 6840649724
2010803214, 6840606871
2010871482, 6840529211
2012000055, 6840481522
2012106879, 7036787713
2013243523, 7036777979
2013349362, 7036765825
2013413810, 7036754259
2014548501, 7036743304
2014616573, 7036733593
2015751854, 7036724573
2015819700, 7036713428
2016950323, 7036702425
2017017985, 7036689775
2019547592, 7036678548
2019647468, 7036668878
2019709715, 7036656754
2019769571, 7036632601
2019831111, 7036617842
2020990470, 7036602830
2021056961, 7036586678
2021142481, 7036570446
2022307571, 7036554192
2022377750, 7036539713
2023545169, 7036524105
2023614501, 7036508353
2024743871, 7036489233
2024809799, 7029676635
2025938185, 7029660232
2026019307, 7029642943
2027147853, 7029627024
2027216092, 7029611593
2027276869, 7029596840
2028406383, 7029583231
2028473542, 7029565598
2031371570, 7029547396
2031468938, 7029508709
2031535728, 7029494562
2031596632, 7029478603
2031672281, 7029462629
2031770995, 7029447347
2032916566, 7029431695
2033021945, 7029416254
2034153151, 7029400053
2034223109, 7029380133
2035370507, 7029363853
2035440458, 7029348207
2036570251, 7029331173
2036639941, 7029317111
2036700821, 7029300303
2037835532, 7029282401
2037906538, 7029264835
2039035725, 7029245327
2039130150, 7029227519
2040265611, 7029204817
2042094972, 7029182114
2042162678, 7029166961
2042223254, 7029150231
2042363459, 7029133687
2042465464, 7029110704
2046783767, 7029095915
2046869325, 7029080439
2046933641, 7029066395
2046997946, 7029049977
2047060119, 7029034359
2047122852, 7029016034
2047193712, 7028998990
2047259633, 7028980755
2047321353, 7028961799
2048458836, 7028945398
2048578534, 7028926788
2049712550, 7028907791
2049780839, 7028887938
2051253083, 7028868507
2051308691, 7028853024
2051383726, 7028837978
2052505514, 7028822305
2052598796, 7028806932
2053728032, 7028792263
2053786938, 7028777131
2054904111, 7028759310
2054962289, 7028739724
2055014312, 7176058229
2056131833, 7176041858
2056191776, 7176023664
2057309305, 7176005840
2057369667, 7175986573
2058487673, 7175967887
2058568474, 7175949821
2059687913, 7175931476
2059745800, 7175910992
2060863864, 7175892960
2060954881, 7175872175
2063416033, 7175851708
2063503742, 7175821452
2063589763, 7175802833
2063664013, 7175783074
2063727696, 7175762566
2064866018, 7175744108
2064937772, 7175725203
2064999133, 7175705200
2066129194, 7175683803
2066202083, 7175664249
2067932111, 7175644092
2068013359, 7175611361
2068079756, 7169785443
2069213814, 7169763562
2069284830, 7169738110
2070417110, 7169716738
2070491864, 7169690900
2070556797, 7169663293
2071686432, 7169638087
2071755698, 7169614569
2072883708, 7169587697
2072956444, 7169537437
2074086606, 7169521068
2075150421, 7169503304
2075216217, 7169486629
2075291122, 7169469930
2076427434, 7169451834
2076513157, 7169434982
2077674487, 7169418693
2077741251, 7169401478
2077801739, 7169383172
2078929532, 7169365689
2078996910, 7169347272
2080127218, 7169329364
2080193743, 7169310905
2081320873, 7169293817
2081387988, 7169276230
2082518819, 7169258118
2082588331, 7169241258
2083720508, 7169222205
2083809011, 7169202764
2084941260, 7169184793
2085011257, 7169166065
2100737509, 7169145866
2100855758, 7169114021
2100933662, 7169092347
2100998377, 7169063683
2101063417, 7169024939
2101136851, 7168973017
2101202047, 7354435152
2101264693, 7354417291
2101338124, 7354399147
2101403293, 7354381662
2101465864, 7354364524
2101527847, 7354346600
2101591710, 7354329434
2101638299, 7354311806
2101679678, 7354294173
2101723953, 7354274659
2101764550, 7354256408
2101842261, 7354235868
2101895048, 7354214611
2101947910, 7354196071
2102858381, 7354176288
2102917538, 7354158184
2102961522, 7354139093
2103003998, 7354120804
2103047054, 7354101128
2103088347, 7354082568
2103129383, 7354057862
2103170780, 7354036281
2103212682, 7353996337
2103256300, 7353976861
2103296747, 7353960740
2103339049, 7353943594
2103381273, 7353925025
2103422587, 7353906547
2113782850, 7353887958
2113878151, 7353870037
2113910150, 7353852841
2113943058, 7353833891
2113976411, 7353816692
2114005722, 7353796483
2114037204, 7353771653
2114070221, 7352313960
2114101724, 7352295754
2114133440, 7352278509
2114164451, 7352260453
2117211487, 7352240318
2117247698, 7352218510
2117280341, 7352200145
2117312468, 7352179575
2117345532, 7352159017
2117375241, 7352138348
2117406744, 7352119148
2117466987, 7352097034
2117504623, 7352062890
2117536213, 7352020368
2117566897, 7351979185
2117603310, 7351915768
2117638072, 7351868452
2117668147, 7556748593
2118767424, 7556731380
2118804577, 7556712811
2119896307, 7556694552
2119942232, 7556676119
2121035587, 7556658040
2121068283, 7556640259
2121634900, 7556619919
2121680699, 7556602535
2122772156, 7556585938
2122803520, 7556567384
2123901471, 7556548492
2123945255, 7556531062
2125033954, 7556513747
2125066285, 7556495476
2126151536, 7556476118
2126184297, 7556457713
2127269850, 7556438452
2127301465, 7556420214
2128386234, 7556402113
2128417464, 7556382226
2129502617, 7556361069
2129545713, 7556341575
2130634540, 7556323246
2130667959, 7556303995
2131755669, 7556283854
2131805285, 7556262356
2132917324, 7556239511
2139224830, 7556215622
2139281489, 7556193274
2139327923, 7556172620
2139362966, 7556150701
2139398053, 7556128384
2139435485, 7556107515
2139478308, 7556087635
2139516113, 7556066906
2139552017, 7556045590
2139588352, 7556025554
2139623706, 7556005050
2139669931, 7555981214
2139707652, 7555959915
2140822059, 7555939816
2140865635, 7555918679
2141988877, 7555896609
2142032287, 7555871753
2143127976, 7555829474
2143175887, 7555811548
2144278801, 7555793546
2145013840, 7555773515
2145056786, 7555733004
2145092212, 7553115322
2146199957, 7553098058
2146240904, 7553080435
2147335663, 7553062641
2147374793, 7553045560
2148466670, 7553026863
2148504160, 7553010180
2149595658, 7552992187
2149634036, 7552971947
2150745064, 7552954273
2150785662, 7552936405
2151912904, 7552916666
2151984130, 7552898858
2153131877, 7552879444
2153225670, 7552861508
2153504281, 7552841729
2159595645, 7552821007
2159681045, 7552802533
2159751657, 7552784640
2159827417, 7552766443
2159891366, 7552746197
2160923356, 7552727183
2160990498, 7552706110
2161052642, 7552685896
2161134860, 7552666170
2161197733, 7552644654
2161261556, 7552626099
2161344846, 7552607012
2161409810, 7552587404
2161503266, 7552566736
2162642808, 7552545848
2162714339, 7552524977
2162777757, 7552506460
2163893964, 7552485768
2163965941, 7552465026
2165079756, 7552444684
2165144967, 7552423887
2166262021, 7552404146
2166321463, 7552385570
2167437535, 7552366667
2167504376, 7552344339
2170666160, 7552289675
2170725613, 7552271570
2170787965, 7552253566
2170844063, 7552235516
2170905580, 7552214436
2170960402, 7552183264
2172119365, 7552147867
2172209720, 7552111759
2172297490, 7552077948
2173438713, 7552043943
2173532202, 7552007519
2174672120, 7551969833
2174748549, 7551930551
2175884475, 7551889350
2175966403, 7551851711
2177111389, 7551821587
2177198295, 7551783005
2177273312, 7551741878
2178407735, 7551692856
2178487725, 7747105624
2179806910, 7747087464
2179892135, 7747073233
2181035655, 7747060459
2181110072, 7747049420
2181256515, 7747033791
2182420022, 7747022584
2182523437, 7747010177
2183700341, 7746999731
2183800301, 7746986808
2183894271, 7746973392
2185054090, 7746962102
2185159803, 7746951683
2186317807, 7746939534
2186423659, 7746925450
2187583890, 7746914082
2187681994, 7746900710
2187779083, 7746889085
2188939119, 7746878218
2189034914, 7746866588
2190206962, 7746854752
2190307754, 7746843899
2195549103, 7746831118
2195711397, 7746816102
2195820354, 7746801358
2195916283, 7746789037
2196015983, 7746776863
2196110457, 7746760672
2196203502, 7746739278
2196304003, 7746712467
2196397233, 7746691038
2196486967, 7746669266
2196614780, 7746630766
2196705453, 7746612128
2197874808, 7746592566
2197971746, 7746572904
2199142211, 7746554839
2199238641, 7746533212
2200398924, 7746504140
2200490555, 7746484455
2200605256, 7746463411
2201805425, 7746425325
2203465703, 7746410955
2203564533, 7746397870
2203653915, 7746383798
2203750140, 7746369721
2204923112, 7746355637
2205017347, 7746340706
2205108476, 7745608251
2206276132, 7745587679
2206421866, 7745565728
2207580216, 7745553057
2207679929, 7745536836
2208835130, 7745524856
2208940768, 7745509191
2209032024, 7745495519
2210199325, 7745480932
2210319090, 7745466534
2211494210, 7745448265
2211621083, 7745424872
2211718261, 7745402525
2212818426, 7745379130
2212961185, 7745355719
2214388445, 7745332745
2214503512, 7745310261
2214722859, 7745285242
2215883728, 7745262728
2215987424, 7745240720
2217439088, 7745215667
2217551816, 7745193172
2217643681, 7745170919
2218811541, 7745144352
2218909732, 7745114276
2219002453, 7745088910
2220160086, 7745057608
2220256767, 7745039838
2221415503, 7745022449
2221540527, 7745001862
2222704580, 7923881645
2222811121, 7923868916
2222943806, 7923856661
2224102851, 7923841445
2224199634, 7923827778
2225390833, 7923793324
2225498609, 7923777920
2225587194, 7923764413
2226781371, 7923753599
2226879097, 7923739369
2228043293, 7923725337
2229169695, 7923711604
2229246238, 7923697561
2229308394, 7923686477
2230445653, 7923673069
2230526519, 7923659087
2230618154, 7923645636
2231753396, 7923631445
2231820364, 7923619831
2232954154, 7923605787
2233041262, 7923591431
2234173141, 7923575717
2234243530, 7923561628
2235391597, 7923545078
2235465270, 7915937708
2236595113, 7915923057
2236701239, 7915908149
2236766001, 7915890934
2237900518, 7915875868
2237968731, 7915861061
2238803950, 7915842803
2240238391, 7915821721
2240342552, 7915804684
2240424538, 7915790255
2241626116, 7915772734
2241709356, 7915757502
2241771250, 7915741659
2244293188, 7915726188
2244369536, 7915710034
2244462119, 7915694075
2244525899, 7915677779
2244588779, 7915658965
2245722234, 7915642682
2245791414, 7915623125
2246983546, 7915600917
2247047502, 7915585199
2248186384, 7915568143
2248254950, 7915552415
2249380841, 7915536988
2249473644, 7915521224
2249547600, 7915502816
2250679119, 7915461164
2250763179, 7915440020
2251896797, 7915411990
2251963292, 7915384326
2253091026, 7915355760
2253187552, 7915328018
2254317546, 7915301791
2254383668, 7915272512
2254445740, 7915237121
2255572982, 8120957772
2255639900, 8120944837
2256808059, 8120930265
2256877540, 8120914023
2258692878, 8120898694
2258763756, 8120884123
2258858645, 8120869332
2258922195, 8120854900
2260061737, 8120838736
2260151088, 8120825441
2261285002, 8120811521
2261357254, 8120797072
2262486866, 8120782916
2262595725, 8120768081
2263728099, 8120753228
2263796145, 8120740049
2264924090, 8120704766
2264990091, 8120689105
2265054459, 8120673675
2266193996, 8120660046
2266307845, 8120646002
2267439827, 8120629886
2267508616, 8120614561
2268638868, 8120596453
2268705337, 8120575041
2270132835, 8120559791
2270248874, 8120546441
2270312745, 8120532018
2271450244, 8120516297
2271519043, 8120501016
2272648446, 8120486888
2272731766, 8120472576
2272795212, 8120459030
2273923144, 8120444110
2273990644, 8120427175
2275127796, 8120408851
2275192626, 8120392740
2276341541, 8120375806
2276444518, 8120351627
2277572500, 8111907358
2277639404, 8111888680
2278767723, 8111869555
2278835627, 8111851978
2278896542, 8111830195
2280040498, 8111807035
2282797948, 8111787419
2282873109, 8111751860
2282935463, 8111719278
2283026359, 8111660630
2283090447, 8111632993
2283153441, 8111605243
2284293450, 8111573612
2284364403, 8333585928
2285494652, 8333566370
2285563291, 8333548843
2285656650, 8333524662
2286806131, 8333506529
2286873996, 8333487413
2288003056, 8333467741
2288070115, 8333448992
2289202915, 8333429655
2289284212, 8333406147
2290418390, 8333374540
2290486098, 8332188383
2290553946, 8332148802
2291982142, 8332119506
2292046911, 8332098365
2293142015, 8332077387
2293211170, 8332053374
2294341561, 8332034099
2294409794, 8332015493
2294470431, 8331997516
2295598621, 8331979591
2295699966, 8331961738
2296831292, 8331940737
2296900496, 8331920626
2298027107, 8331902093
2298093369, 8331884107
2299221699, 8331863688
2299303642, 8331844922
2300436602, 8331825895
2300505094, 8331805726
2300603130, 8331783260
2301733570, 8331762110
2301803097, 8331740660
2305035970, 8331720206
2305159367, 8331698578
2305240401, 8331675766
2305303760, 8331652423
2305367419, 8331628331
2305428259, 8331602297
2308323156, 8331577891
2308435451, 8331555502
2308497120, 8331533392
2308558509, 8331509068
2308620774, 8331487461
2308682019, 8331468234
2309831142, 8331447089
2309902109, 8331423119
2311048269, 8331401637
2311143261, 8331380630
2311206218, 8331355143
2312335744, 8331331688
2312404021, 8331309549
2313553749, 8331288179
2313624666, 8331265231
2314753048, 8331243259
2314820142, 8331219709
2315949132, 8331194517
2316033626, 8331167551
2317138053, 8331144034
2320044009, 8331089973
2320113748, 8331072294
2320178348, 8331051797
2320244115, 8331029673
2320335562, 8331010125
2320403206, 8330991309
2320481527, 8330971010
2321619372, 8330948906
2321698690, 8330927674
2321760842, 8330907095
2322910316, 8330885660
2322980341, 8330864113
2324114463, 8330843170
2324182273, 8330819885
2325309473, 8330796251
2325417917, 8330773017
2326554426, 8330749266
2326621258, 8330723834
2326683902, 8330696406
2327809991, 8330668013
2327876951, 8330632700
2329886250, 8330595619
2329985876, 8328299583
2330102538, 8328274794
2330180547, 8328252640
2331238895, 8328227821
2331316591, 8328202625
2332478028, 8328176384
2332547022, 8328148713
2337054760, 8328123411
2337135305, 8328103744
2337201356, 8328083256
2337266894, 8328062060
2337330091, 8328040473
2337392734, 8328019841
2337456481, 8327998550
2337517779, 8327974049
2337580868, 8327951740
2338721272, 8327929716
2338792142, 8327896571
2339921283, 8327853098
2340031654, 8327811942
2340105942, 8327771859
2341236366, 8327732338
2341345585, 8327693076
2342476697, 8327651725
2342561549, 8327578601
2343693568, 8327542507
2343763505, 8327504263
2344897089, 8327463022
2344965143, 8327415426
2345033738, 8543625688
2346178715, 8543607679
2346250406, 8543589254
2347379848, 8543569558
2347448813, 8543549827
2348579698, 8543531685
2348670247, 8543511758
2349813789, 8543491969
2349886531, 8543471324
2351016182, 8543449363
2351085362, 8543428931
2351186918, 8543404677
2352321238, 8543384657
2352400950, 8543363483
2353550786, 8543339769
2353623049, 8543319212
2354752248, 8543297876
2354820746, 8543274332
2355959666, 8543252220
2357505205, 8543230474
2357572147, 8543210332
2357633554, 8543189727
2357694767, 8543169397
2357783682, 8543149837
2358937385, 8543128587
2359005522, 8543104044
2360135806, 8543080189
2360201781, 8543025745
2375932066, 8543007895
2376031524, 8542988758
2376080114, 8542971059
2376122978, 8542953659
2376176480, 8542935576
2376221210, 8542916169
2376264455, 8542897319
2376306526, 8542877359
2376349838, 8542857881
2376392282, 8542839567
2376434242, 8542821284
2376476402, 8542801554
2376518474, 8542781916
2376561930, 8542763797
2376606180, 8542744239
2376647869, 8542722824
2376690052, 8542699844
2376732560, 8542681012
2376790922, 8542660610
2376869612, 8542639797
2376926148, 8542619502
2376984926, 8542599801
2377030464, 8542579730
2377072466, 8542555336
2377114742, 8542533158
2377167048, 8542511483
2377214941, 8542491093
2377257496, 8542469168
2377297955, 8542446277
2377341275, 8542423317
2377386509, 8542396892
2378265619, 8542348687
2379391716, 8539423276
2379438364, 8539401521
2379479256, 8539380632
2380582577, 8539359604
2380630913, 8539340185
2381781614, 8539318207
2381852924, 8539295742
2382959470, 8539273088
2383007185, 8539249829
2384109950, 8539224409
2384156259, 8539187090
2384585545, 8539144475
2396475171, 8539100299
2396558225, 8539024240
2396605638, 8538978490
2396642942, 8538934432
2396678384, 8538889601
2396714232, 8538841272
2396750711, 8711800959
2396786682, 8711786858
2396821368, 8711763059
2396857226, 8704844875
2396893511, 8704827194
2396950058, 8704811116
2396987098, 8704789026
2397022736, 8704731627
2397060082, 8704718114
2397096362, 8704703187
2397804161, 8704688243
2397874106, 8704673499
2397910803, 8704658025
2397947337, 8704641563
2397988846, 8704593809
2398024145, 8704577349
2398060592, 8704562910
2398095101, 8704545166
2403756195, 8704529663
2403813165, 8704514053
2403861942, 8704498056
2403899017, 8704480840
2403936800, 8704463942
2404001993, 8704444867
2404039640, 8704421772
2404074415, 8704405868
2404110036, 8704391824
2404144916, 8704376789
2404180495, 8704362508
2405294390, 8704347437
2405348950, 8704333407
2406445026, 8704319100
2406477473, 8704304387
2407570723, 8704289108
2407603178, 8704274594
2408690430, 8704260193
2408735687, 8704244506
2409830106, 8704225640
2409865715, 8704208329
2410463413, 8704189767
2411555933, 8704173416
2411614349, 8704155002
2412702311, 8704138665
2412734378, 8704122135
2413819177, 8704106500
2413848738, 8704090741
2413886843, 8704074326
2414977081, 8704057617
2415010637, 8704039911
2416110964, 8704023191
2416147059, 8704005524
2417248572, 8703984158
2417288499, 8703965454
2418381500, 8703943895
2418419209, 8703924416
2419512769, 8703906361
2419550257, 8703887523
2420644231, 8703870133
2420706505, 8703850344
2425532624, 8703826116
2425571643, 8905802540
2425608009, 8905791215
2425643600, 8905780294
2425690233, 8905766136
2425727350, 8905755272
2425764106, 8905741458
2425797905, 8905730078
2425840440, 8905716970
2426945836, 8905702776
2426988467, 8905671445
2428083013, 8898868760
2428127003, 8898853732
2429230593, 8898841030
2429273941, 8898828166
2430375065, 8898812994
2430420295, 8898797265
2431562510, 8898782717
2431633639, 8898769206
2431675778, 8898754231
2432554158, 8898740909
2433666616, 8898725513
2433712216, 8898709771
2434812705, 8898694201
2434857331, 8898679849
2435956389, 8898663495
2436000168, 8898648606
2437104920, 8898633632
2437171576, 8898618537
2437236445, 8898602560
2438358862, 8898586195
2438416592, 8898571059
2439538741, 8898555112
2439596221, 8898541714
2440714778, 8898526988
2440806124, 8898510340
2441937272, 8898493814
2441998185, 8898478085
2443129545, 8898464286
2443192769, 8898448290
2449823385, 8898430490
2449900567, 8898415565
2449966166, 8898400707
2450027137, 8898384281
2450090182, 8898367856
2450153602, 8898350676
2450215543, 8898309014
2450280879, 8898292822
2450343888, 8898271720
2450419176, 8898244894
2450482772, 8898218103
2450543058, 8898188259
2450605374, 8898154996
2450732069, 9121463614
2451890941, 9121447693
2451978093, 9121432598
2453134978, 9121417193
2453213189, 9121402840
2453894092, 9121388494
2453993213, 9121375433
2464714955, 9121359804
2464831315, 9121345782
2464919860, 9121329438
2465007394, 9121314681
2465088704, 9121299613
2465193186, 9121285518
2465279076, 9121270846
2465378851, 9121256201
2465466725, 9121240265
2465549214, 9121225214
2466665133, 9121207822
2466748361, 9121191212
2466885221, 9121176815
2466975578, 9121161770
2467062235, 9121145896
2467136782, 9121128946
2467197260, 9121108212
2467276712, 9121090057
2467335182, 9121070136
2467391210, 9121048780
2467448781, 9121027766
2467513227, 9121003638
2467575965, 9120969787
2467634030, 9120955624
2468763168, 9120941438
2468827883, 9120927520
2468887090, 9120912155
2470028010, 9120895657
2470091162, 9120876402
2471220246, 9116663310
2476967792, 9116646140
2477034383, 9116630381
2477097450, 9116616230
2477163504, 9116600084
2477222524, 9116585808
2477292182, 9116570225
2477358677, 9116553063
2477416735, 9116538147
2477475857, 9116522921
2477544806, 9116507588
2477605732, 9116492631
2477673702, 9116478474
2478821499, 9116462804
2478877957, 9116445848
2478965211, 9116430556
2480082118, 9116412338
2480139781, 9116389252
2481267650, 9116367666
2481328251, 9116334158
2482442240, 9116304857
2483505237, 9116275695
2483561181, 9116235076
2483613748, 9116207180
2484729689, 9116177300
2484794920, 9116149535
2485908995, 9116122079
2485985172, 9116092887
2487097907, 9116062915
2487166109, 9116028298
2487220971, 9115999007
2488340301, 9115966730
2488412129, 9115936855
2489563347, 9115904415
2489639987, 9115874909
2490792718, 9115839017
2490871712, 9115808300
2492002625, 9115775910
2492077573, 9115743982
2493208338, 9115676095
2493289625, 9115656975
2493364634, 9115636512
2494499647, 9115617438
2494576024, 9115598114
2495732755, 9115580983
2495808794, 9115562030
2496943675, 9115544629
2497020454, 9115525216
2498157101, 9115506204
2498250555, 9115486637
2498337024, 9115463000
2499209580, 9115443876
2503309386, 9115423102
2503461085, 9115404606
2503571809, 9115384801
2503671741, 9115364779
2503980398, 9115344249
2504072567, 9115324825
2504168460, 9115304876
2504257507, 9115284807
2504354103, 9115264874
2504442665, 9115246096
2507632969, 9115223526
2507741455, 9115196082
2507828064, 9115169865
2507928433, 9115141610
2508019039, 9115111907
2508133550, 9115083373
2509296479, 9115052978
2509395330, 9115010447
2509499789, 9114930910
2510659257, 9113284865
2511779491, 9113231199
2511832753, 9113172860
2511885415, 9325268268
2513008982, 9325250163
2513074536, 9325233182
2514203863, 9325216767
2514260523, 9325199608
2515380539, 9325181742
2515437834, 9325163934
2516554298, 9325144080
2516611569, 9325112294
2516670727, 9325093702
2517810240, 9325076596
2517883101, 9325058841
2519006264, 9325039028
2519081182, 9325021603
2520241193, 9325002899
2520311431, 9324982714
2521441026, 9324962538
2521513389, 9324943774
2522682534, 9324921484
2522749328, 9324903175
2522810750, 9324884255
2523960087, 9324865763
2524028113, 9324846760
2525135870, 9324825675
2525202679, 9324792534
2526329941, 9324773096
2526396680, 9324751603
2527558684, 9324730741
2527644093, 9324712451
2528776098, 9324692657
2528843942, 9324670776
2528931827, 9324649057
2530009975, 9324630441
2530104217, 9324610125
2535562020, 9324590634
2535644322, 9324573385
2535707272, 9324555216
2535766891, 9324537154
2535825474, 9324518968
2535886714, 9324499243
2535947933, 9324479561
2536009968, 9324459127
2536070368, 9324440501
2536130045, 9324422443
2536243196, 9324403116
2537414626, 9324383918
2537482556, 9324365257
2538614700, 9324336390
2538717420, 9324316506
2539848844, 9324297108
2539917514, 9324277736
2540004905, 9324258515
2541136783, 9324238285
2542990819, 9324219227
2543052694, 9324199805
2543116155, 9324178327
2543177305, 9324157742
2544314488, 9324137866
2544385260, 9324117376
2544447318, 9324097806
2545573883, 9324076272
2545644859, 9324052530
2546802304, 9324014834
2546885261, 9322681105
2548016840, 9322658458
2548083008, 9322636757
2549230808, 9322616024
2549298554, 9322591347
2550428441, 9322553637
2550499495, 9322502810
2550572704, 9322451942
2551707106, 9322410557
2551776907, 9322367405
2553081613, 9322321474
2553160191, 9322279204
2554297954, 9322238719
2554364687, 9322194757
2555492271, 9322121747
2555559126, 9501085328
2555661525, 9501067814
2556792770, 9501048704
2556861259, 9501032338
2557990683, 9501015416
2558062670, 9500997137
2559230192, 9500978125
2559311965, 9500960294
2560442061, 9500942919
2560508684, 9500924175
2560569153, 9500903622
2561695182, 9500876376
2561762052, 9499753786
2562889361, 9499731716
2562954007, 9499686199
2565618473, 9499655801
2565697788, 9499639685
2565761001, 9499621637
2565873486, 9499602508
2565938303, 9499585757
2567093522, 9499565704
2567166132, 9499544544
2567225552, 9499525264
2568354986, 9499504486
2568488411, 9499480881
2569622942, 9499460050
2569692606, 9499439494
2570820967, 9499419121
2570888387, 9499396518
2572017691, 9499377984
2572095941, 9499356254
2573248763, 9499333210
2573315160, 9499309330
2573377212, 9499286656
2574504978, 9499262777
2574577805, 9499235881
2576047542, 9499208454
2576115112, 9499186680
2576191529, 9499162034
2577328227, 9499138967
2577396234, 9499114237
2578524964, 9499089677
2578643812, 9499066261
2579772649, 9499045242
2579838968, 9499025716
2580968440, 9499003977
2581032608, 9498980956
2581350894, 9498959530
2586018589, 9498940255
2586105807, 9498918368
2586170716, 9498896146
2586234141, 9498875202
2586294399, 9498853722
2586387342, 9498829014
2587690029, 9498802646
2587752021, 9498781352
2587812690, 9498757313
2587894414, 9498730176
2587957822, 9498704515
2588023206, 9498671955
2589194325, 9710622728
2589261484, 9710606709
2590384322, 9710590914
2590446960, 9710574041
2591568221, 9710558340
2591666011, 9710541294
2591724491, 9710524445
2592847518, 9710509019
2592909530, 9710491565
2594030530, 9710475799
2594111737, 9710460413
2595246419, 9710446443
2595310579, 9710428126
2596432847, 9710409048
2598185737, 9710391458
2598271943, 9710375884
2598330771, 9710358733
2598389609, 9710341591
2598460244, 9710322340
2599593035, 9710302314
2599667283, 9710281854
2600799343, 9710262256
2600880300, 9710241655
2602029614, 9710223707
2602101009, 9710206969
2603230512, 9710190066
2603347152, 9710170380
2603409589, 9710151563
2604538614, 9710129445
2604604774, 9710108093
2605737670, 9710087809
2605805506, 9710057978
2606931989, 9710036002
2606998179, 9710012548
2608866464, 9709986580
2608963362, 9709968573
2609026316, 9709950550
2609097614, 9709931812
2610246795, 9709910019
2610313975, 9709888704
2610714291, 9709848726
2615081169, 9709830945
2615169337, 9709811965
2615233368, 9709793966
2615294824, 9709775507
2615357638, 9709756322
2615418840, 9709738034
2615480674, 9709716115
2615541312, 9709679892
2615603559, 9709620710
2616740060, 9708570897
2616809531, 9708528831
2617939199, 9963987151
2618008449, 9963968242
2619164710, 9963951100
2619234598, 9963934895
2620362354, 9963917282
2621912001, 9963901043
2622002020, 9963887106
2622090165, 9963871222
2622152930, 9963856440
2622230169, 9963842301
2623362797, 9963827074
2623429892, 9963811632
2624558469, 9963795202
2624624549, 9963779796
2625752041, 9963762886
2625818784, 9963747313
2626947276, 9963729747
2627013165, 9963699102
2628140243, 9963682193
2628226611, 9963666410
2629356298, 9963651092
2629435193, 9963632909
2629516859, 9963616106
2630660350, 9963595237
2630745413, 9963574394
2635023182, 9963554543
2635088832, 9963542168
2635153300, 9963530677
2635216795, 9963517605
2635278898, 9963505773
2635369781, 9963492786
2635461606, 9963479238
2635542901, 9963466482
2635626556, 9963452533
2637234334, 9963438218
2637317939, 9963424013
2637380952, 9963410545
2638351689, 9963397761
2638422294, 9963382386
2640888493, 9963368219
2640957397, 9963353668
2641009389, 9963338118
2641062409, 9963323105
2641114433, 9963308542
2642275577, 9963295332
2642335671, 9963281717
2643454020, 9963265877
2643512234, 9963251605
2644628008, 9963236801
2655259879, 9963224429
2655328146, 9963209919
2655405351, 9963195683
2655462079, 9963180231
2655520706, 9963165452
2655573469, 9963150964
2655623550, 9963135490
2655675149, 9963117890
2655739940, 9963071719
2655807914, 9956288155
2655858346, 9956259310
2655907827, 9956237418
2655973856, 9956218889
2656029117, 9956195871
2656080104, 9956173113
2656133289, 9956105637
2656181798, 9956089476
2656232270, 9956071834
2656309880, 9956053642
2656373904, 9956034727
2656429669, 9956015910
2657328498, 9955997698
2657383789, 9955979861
2657434185, 9955959738
2658564397, 9955942512
2658640606, 9955923394
2659755076, 9955904793
2659810965, 9955886580
2660920932, 9955868523
2660980084, 9955850836
2662083893, 9955831520
2662129078, 9955813594
2663233052, 9955793452
2663277960, 9955774739
2664382091, 9955753426
2664429628, 9955732785
2664486622, 9955710733
2665591599, 9955690552
2665656300, 9955672614
2666763468, 9955652532
2666810826, 9955634248
2676071528, 9955614307
2676132168, 9955595563
2676185960, 9955577882
2676239564, 9955557119
2676293766, 9955537631
2676411098, 9955517762
2676467222, 9955495334
2676518617, 9955473987
2676570734, 9955453557
2676627164, 9955432903
2676681160, 9955411654
2676734494, 9955392315
2676814897, 9955373928
2676872344, 9955353736
2676933009, 9955331506
2676986985, 9955312834
2677055275, 9955291370
2677108402, 9955271318
2678254596, 9955248130
2678317577, 9955218920
2679363576, 10179317338
2679427310, 10179298815
2679526605, 10179278647
2680663821, 10179258205
2680733613, 10179238533
2681839806, 10179218706
2681889945, 10179199743
2682994683, 10179180190
2683042953, 10179160447
2684149169, 10179139783
2684210758, 10179120079
2685318421, 10179099502
2685368285, 10179078396
2686474013, 10179058307
2686528977, 10179036558
2687651570, 10179016033
2687700875, 10178996660
2688807479, 10178974276
2688856701, 10178953217
2688902752, 10178932168
2690029942, 10178910461
2701267467, 10178888164
2701321572, 10178866381
2701364157, 10178845664
2701405974, 10178820859
2701446677, 10178793568
2701487292, 10178765473
2701529537, 10178741316
2701574558, 10178712097
2701616325, 10178680217
2701668478, 10178649772
2701734608, 10178606901
2701777910, 10178588349
2701819107, 10178568605
2701859925, 10178549911
2701915440, 10178527109
2701961015, 10178505221
2702015040, 10178481758
2702056654, 10178460091
2702108211, 10178439831
2702159012, 10178420169
2703008893, 10178397451
2703053640, 10178371708
2703094693, 10177323981
2703134282, 10177301566
2710341218, 10177280614
2710400802, 10177257233
2710441643, 10177236260
2710482765, 10177215084
2710556771, 10177192307
2710601035, 10177171190
2710643475, 10177148301
2710683677, 10177109499
2710724182, 10177087310
2710788140, 10177059948
2710830156, 10177031580
2710870843, 10177006633
2710921780, 10176977676
2710963460, 10176945287
2712072534, 10176898572
2712105962, 10176852569
2713195457, 10176799840
2713232872, 10176737036
2714333127, 10176675251
2714371265, 10176643375
2714988053, 10176614478
2715021602, 10176582473
2716144002, 10176550385
2716178070, 10176520072
2717264171, 10176490301
2717298263, 10176457802
2718395905, 10176423964
2718430778, 10176387622
2719518684, 10176345174
2719564463, 10176309514
2720652122, 10176271024
2720683431, 10176233091
2721771815, 10176115920
2721813713, 10354982212
2722910191, 10354960780
2722949612, 10354938996
2724063704, 10354920729
2724107170, 10354898896
2725205142, 10354879825
2725246965, 10354860811
2731543408, 10354842596
2731588037, 10354822405
2731626528, 10354802819
2731686900, 10354782960
2731724341, 10354763931
2731762710, 10354741528
2731825347, 10354716826
2731867316, 10353747109
2731912322, 10353723883
2731952620, 10353696377
2731991986, 10353674832
2732030810, 10353653452
2733139746, 10353630626
2733200116, 10353608169
2734304942, 10353583364
2734351221, 10353545827
2735453066, 10353524914
2735501898, 10353505678
2735566664, 10353483838
2736672487, 10353463474
2737779653, 10353442477
2737840767, 10353419743
2737900185, 10353398581
2739055635, 10353379404
2739120935, 10353358005
2740240328, 10353338482
2740303736, 10353317327
2741420074, 10353294801
2741486073, 10353274236
2742604123, 10353252880
2742709178, 10353231259
2742786934, 10353209432
2743930387, 10353188670
2744013742, 10353167505
2745133797, 10353144857
2745225129, 10353106419
2746369970, 10353085262
2746515532, 10353063620
2754416407, 10353042171
2754534234, 10353015068
2754631899, 10352985776
2754774742, 10352951048
2754868312, 10352924584
2754958519, 10352895732
2755047301, 10352867169
2755143286, 10352836097
2756515699, 10352807583
2756608259, 10352778195
2756696667, 10352746178
2756787952, 10352708965
2756879842, 10352667533
2756971832, 10352615887
2757064694, 10352510563
2757167019, 10563684313
2757277352, 10563665197
2757405935, 10563645679
2757528833, 10563625503
2757618513, 10563606176
2758789211, 10563585591
2758918003, 10563564670
2759017571, 10563541146
2760176360, 10563513176
2760277059, 10561713946
2761435920, 10561691719
2761534120, 10561670520
2762689871, 10561650996
2767410052, 10561629684
2767517245, 10561608961
2767613136, 10561589263
2767699785, 10561567197
2767783447, 10561537195
2767895106, 10561516176
2767978919, 10561495535
2768078042, 10561476326
2768173676, 10561457546
2768260352, 10561436891
2768353238, 10561418270
2768468148, 10561400185
2771237206, 10561377975
2771335880, 10561356701
2771421588, 10561334684
2771505999, 10561314135
2771593676, 10561292227
2771677375, 10561269758
2772828929, 10561245181
2772900331, 10561222195
2774029542, 10561200061
2774108926, 10561175589
2775254687, 10561152924
2775332498, 10561116099
2776457491, 10561094893
2776527754, 10561073886
2777653480, 10561049867
2783137774, 10561027442
2783225470, 10561001599
2783357704, 10560972990
2783439075, 10560939151
2783525651, 10560914114
2783604472, 10560886781
2783682821, 10560852338
2783765684, 10560820174
2783842811, 10560792883
2783934964, 10560760021
2784011897, 10560710897
2784093483, 10560596460
2784204335, 10836400194
2785356661, 10836378483
2785443329, 10836354219
2786586781, 10836333799
2786669985, 10836314061
2786745245, 10836291516
2787890186, 10836270168
2787999222, 10836247653
2789329799, 10836216564
2789412221, 10836188469
2789491096, 10836158041
2790337794, 10836128129
2791741902, 10836099951
2791837700, 10836070606
2791943344, 10836042271
2793373359, 10836012488
2793460265, 10835979696
2793539627, 10835944040
2794692172, 10835923112
2794783023, 10835902002
2795923408, 10835881171
2796011064, 10835860876
2797134718, 10835838004
2797217045, 10835815269
2797293830, 10835790815
2798437515, 10835768139
2798556121, 10835738184
2799708663, 10835712381
2799789234, 10835688550
2800952447, 10835659888
2801039804, 10835630668
2801137157, 10835603904
2802280651, 10835575052
2802364256, 10835542246
2803516038, 10835486302
2804908893, 10834509027
2805004535, 10834475329
2805136499, 10834447316
2805229174, 10834415995
2806398550, 10834377996
2806502539, 10834332691
2807659855, 10834288531
2807756740, 10834245823
2807850441, 10834202005
2809047744, 10834144300
2809153784, 10834112154
2810327924, 10834078753
2810435493, 10834057868
2810560816, 10834028223
2811725475, 10833999073
2811822537, 10833968502
2812980836, 10833932249
2813075036, 10833900510
2814246578, 10833869295
2814342945, 10833839998
2814449116, 10833807079
2815607184, 10833766501
2815725287, 10833746800
2816882859, 10833726452
2816981136, 10833706633
2818144580, 10833686117
2818240526, 10833662194
2818363223, 10833640029
2819538476, 10833620125
2819640756, 10833599525
2820802530, 10833578200
2820923372, 10833556665
2822083435, 10833530971
2822182385, 10833504331
2822272823, 10833472958
2823443186, 10833448699
2823540978, 10833419858
2824703400, 10833391723
2824798939, 10833363093
2825962937, 10833334934
2826061388, 10833307633
2827696676, 10833276908
2827828590, 10833244298
2827923586, 10833215112
2828025654, 10833187845
2829236352, 10833154590
2829335844, 10833114211
2830102428, 10833082124
2830237784, 10833048675
2831756392, 10833015128
2831865921, 10832985874
2831969809, 10832953836
2833139648, 10832921669
2833252202, 10832889414
2833346453, 10832850198
2834512601, 10832793794
2834611746, 10832772046
2835772158, 10832751880
2835867524, 10832731477
2837034552, 10832712099
2837175972, 10832692610
2837269950, 10832673451
2838433912, 10832655621
2838548095, 10832636460
2839716078, 10832617006
2841215172, 10832596590
2841314926, 10832575823
2841427337, 10832551151
2841518276, 10832517081
2842694302, 10832478156
2842789981, 10832436217
2842883298, 10832387448
2844051378, 10829236727
2844149659, 10829182649
2845309065, 10829051973
2845405106, 11091947937
2846564609, 11091927648
2846661485, 11091909014
2846755900, 11091889647
2847913898, 11091870147
2848017260, 11091849296
2849135510, 11091811040
2849259073, 11091792605
2850434473, 11091771968
2850550145, 11091751824
2851275773, 11091721144
2851386816, 11091687949
2852556153, 11091652275
2852668659, 11091618291
2853831270, 11091583739
2853926364, 11091551480
2854020323, 11091518313
2855178217, 11091484921
2855279104, 11091446266
2856483046, 11091420948
2856589104, 11091398232
2856686534, 11091375773
2857850871, 11091354126
2857950573, 11091331314
2859129435, 11091305942
2859246788, 11091270154
2860423097, 11091230177
2860528369, 11091140912
2860626526, 11085924643
2861787395, 11085901702
2861883069, 11085875135
2863560294, 11085846178
2863653678, 11085821313
2863742131, 11085793362
2864911012, 11085764396
2865016421, 11085725998
2865109236, 11085706682
2866328650, 11085687134
2866436390, 11085665164
2866811774, 11085643370
2869903016, 11085624741
2870016448, 11085605468
2870080193, 11085585022
2870182188, 11085565163
2870245904, 11085540719
2870307601, 11085520075
2871444797, 11085499964
2871513232, 11085476191
2872639793, 11085453510
2872705186, 11085431054
2873830539, 11085409471
2873897413, 11085388099
2873958966, 11085365680
2875087840, 11085344208
2875157117, 11085320634
2876329816, 11085297934
2876403546, 11085270523
2877550520, 11085245800
2877653118, 11085216520
2879100639, 11085184631
2879164932, 11085147954
2879274411, 11085093590
2880418440, 11085068191
2880487436, 11085039384
2880555272, 11085012230
2881681404, 11084983939
2881746934, 11084956186
2882875050, 11084927625
2882940446, 11084891336
2884067864, 11084863028
2884133335, 11084828338
2885258367, 11084799928
2885322914, 11084769153
2886485755, 11084735670
2886573030, 11084695478
2887704380, 11084639290
2887786424, 11084576857
2887849047, 11084465227
2888977581, 11273772689
2891241645, 11273752634
2891316494, 11273731241
2891381174, 11273711316
2891443188, 11273690585
2891504790, 11273670033
2892644408, 11273648063
2892714464, 11273626069
2892778570, 11273604623
2893908191, 11273585159
2893990232, 11273563434
2895122263, 11273543634
2895213434, 11273520579
2896360314, 11273496558
2896429959, 11273475236
2897567248, 11273453331
2897637580, 11273428395
2898765610, 11273402586
2898832607, 11273378748
2898932147, 11273348226
2900068835, 11273319693
2900136469, 11273288671
2901609583, 11273254223
2901673927, 11273234746
2901735089, 11273214287
2902869577, 11273195468
2902938696, 11273173787
2904065748, 11273152293
2904133050, 11273114043
2905284725, 11273094076
2905391450, 11273073860
2906553034, 11273054248
2906623258, 11273033591
2906685844, 11273014481
2907813546, 11272993573
2907881449, 11272971957
2909007900, 11272952092
2909108782, 11272929041
2910258054, 11272906334
2910326206, 11272886174
2911455820, 11272865305
2911522104, 11272844244
2914071335, 11272822851
2914153755, 11272802986
2914221831, 11272782376
2914283931, 11272759325
2914345903, 11272732935
2915410472, 11272703061
2915531424, 11272674504
2915613874, 11272645236
2916900066, 11272611900
2917004704, 11272583332
2918038277, 11272552376
2918113646, 11272514020
2919247020, 11272483423
2919355985, 11272452928
2920485586, 11272423472
2920553913, 11272389527
2920615893, 11272332265
2922827493, 11272206314
2922904367, 11494575064
2923010738, 11494554493
2923077873, 11494535993
2924213099, 11494517192
2924284930, 11494499002
2925410383, 11494479412
2925504278, 11494459912
2925565034, 11494442241
2926701156, 11494423194
2926764022, 11494403346
2927889139, 11494382883
2927950759, 11494360558
2929072381, 11494339262
2929175561, 11494308607
2930301619, 11494288151
2930365736, 11494266928
2931488932, 11494245922
2931552403, 11494224444
2932675277, 11494203959
2933835091, 11494179862
2933901031, 11494158373
2933957617, 11494139361
2934013780, 11494119624
2935145078, 11494096862
2935253823, 11494077338
2936399565, 11494055072
2936467286, 11494032905
2937594882, 11494011870
2937661910, 11493991496
2938790250, 11493969931
2938857177, 11493946610
2938953400, 11493925005
2940083832, 11493900206
2940151489, 11493877759
2941276573, 11493855727
2941346183, 11493833559
2942490628, 11493808155
2942562950, 11493781635
2943692573, 11493752919
2946988792, 11493721402
2947061520, 11493688898
2947129898, 11493659660
2947243709, 11493629482
2947308327, 11493602364
2947372526, 11493572588
2947445331, 11493540881
2947505825, 11493503933
2948642836, 11493471555
2948711249, 11493428981
2949878466, 11493389691
2949948377, 11493332715
2950025945, 11493215925
2951174159, 11796529800
2951260373, 11796504855
2952397814, 11796478574
2952464245, 11796455257
2953591989, 11796432233
2953666604, 11796407286
2954796357, 11796381833
2954888342, 11796354324
2956778744, 11796329171
2956841871, 11796309115
2956902093, 11796287620
2956963056, 11796266687
2958098526, 11796243594
2958165116, 11796220608
2959294460, 11796196249
2959407818, 11796172715
2959470474, 11796143212
2960597580, 11792367936
2960710392, 11792345036
2961845682, 11792324710
2961910933, 11792301580
2963040513, 11792280418
2963107264, 11792259751
2964236141, 11792237385
2964303666, 11792201194
2965452622, 11792180416
2965522155, 11792160422
2965583076, 11792140422
2968854947, 11792118822
2968919640, 11792098123
2968982995, 11792069513
2969046360, 11792048668
2969107360, 11792027927
2969213620, 11792006404
2970354690, 11791983605
2970426655, 11791960667
2971588029, 11791935966
2971659684, 11791914862
2971723060, 11791889239
2972853576, 11791865172
2972922094, 11791841346
2974049986, 11791816302
2974117233, 11791792232
2975281665, 11791767695
2975349228, 11791741074
2976476433, 11791711081
2976544330, 11791678490
2976810183, 11791641290
2978717193, 11791603088
2978820297, 11791578468
2978896611, 11791545015
2978955840, 11791515487
2986746202, 11791487286
2986838639, 11791461518
2986913249, 11791432017
2986963685, 11791401648
2987014157, 11791368437
2987062943, 11791339462
2987114588, 11791307221
2987165513, 11791277859
2987216392, 11791245441
2987265657, 11791215245
2987316931, 11791185806
2987373888, 11791151992
2987424563, 11791118193
2987473272, 11791091021
2987524640, 11791059353
2988649594, 11791027134
2988740956, 11790986344
2989856570, 11790954883
2989950025, 11790892529
2990003760, 11790872146
2991129906, 11790851082
2991186462, 11790827916
2992309469, 11790808033
2992365749, 11790786629
2993479110, 11790765117
2993536063, 11790744622
2994585301, 11790721299
2994640554, 11790700797
2995761902, 11790681050
2995819782, 11790660597
2996937025, 11790638838
2997004845, 11790616560
3011049399, 11790594779
3011133685, 11790573142
3011211736, 11790550066
3011262819, 11789535458
3011326219, 11789513808
3011381096, 11789490581
3011445231, 11789467869
3011497235, 11789446560
3011552603, 11789425040
3012384530, 11789401265
3012433763, 11789375316
3012484556, 11789348230
3012532854, 11789323900
3012582626, 11789295089
3012634406, 11789266820
3012684446, 11789223490
3012732922, 11789194082
3012804255, 11789159017
3012855874, 11789095049
3012915878, 11789042286
3012978060, 11788989875
3013029506, 11788937339
3013079298, 11788870431
3013165732, 11788813399
3013217363, 11788751892
3013268454, 11788642921
3013331393, 12057976580
3013379852, 12057956726
3013430101, 12057936979
3019134768, 12057917135
3019177160, 12057896992
3019215304, 12057878095
3019252165, 12057858221
3019288248, 12057837893
3019340652, 12057818469
3019377908, 12057797636
3019412354, 12057779196
3019462153, 12057757664
3019501831, 12057732983
3019538856, 12057678726
3019582658, 12056667105
3020695239, 12056644606
3020737366, 12056624296
3021846871, 12056604765
3021887834, 12056582206
3022985860, 12056561242
3023025568, 12056541253
3024135805, 12056510818
3024176371, 12056490354
3024910466, 12056465798
3026019624, 12056442296
3026077602, 12056409075
3026112951, 12056365783
3027208263, 12056323529
3027278022, 12056278084
3028383834, 12056219404
3028426910, 12056196809
3029554212, 12056172796
3029598737, 12056147317
3030698695, 12056124789
3030742218, 12056091461
3031495186, 12056069010
3041401219, 12056047472
3041477622, 12056027119
3042229446, 12056005611
3042300924, 12055985797
3042351038, 12055965808
3042399156, 12055943036
3042450392, 12055921961
3042508905, 12055901469
3042558110, 12055881360
3042607958, 12055861772
3042686071, 12055841761
3042737570, 12055821439
3042786505, 12055800969
3042835551, 12055778950
3042885452, 12055758254
3042934202, 12055737995
3042983381, 12055715435
3043043851, 12055692272
3043119409, 12055670118
3043178787, 12055649981
3043230129, 12055626945
3044354757, 12055604848
3050174069, 12055580300
3050223477, 12055554218
3050266598, 12055517534
3050307428, 12055489305
3050347968, 12055459889
3050389375, 12055432259
3050446532, 12055402954
3050490299, 12055370610
3050529498, 12055339965
3050571818, 12055304779
3050612077, 12055275054
3050653925, 12055245160
3050704747, 12055215717
3051822464, 12055180879
3051903078, 12055147834
3053007939, 12055115178
3053054083, 12055083072
3054156637, 12055044970
3054205318, 12054988684
3055304797, 12054873225
3055349503, 12160459196
3056207942, 12160437834
3056252693, 12160416906
3057381750, 12160397849
3057429380, 12160377965
3058451086, 12160358487
3058518761, 12160337381
3059341536, 12160315673
3067938577, 12160296225
3068010914, 12160274373
3068053540, 12160254525
3068093286, 12160230911
3068155402, 12160210194
3068195521, 12160189294
3068245285, 12160166495
3068286200, 12160145481
3068950837, 12160124135
3068991116, 12160102977
3069027736, 12160082441
3069064507, 12160061807
3069102950, 12160039822
3069149190, 12160020735
3069188503, 12159997482
3069226610, 12159974923
3069264316, 12159948945
3069317567, 12159904100
3070435677, 12159882406
3070488604, 12159862504
3071590785, 12159843170
3071642345, 12159821250
3071687735, 12159802593
3072786855, 12159782331
3072830119, 12159763405
3073927801, 12159742628
3073970287, 12159720771
3075067947, 12159700964
3081519721, 12159681615
3081575537, 12159662412
3081627651, 12159642278
3081675362, 12159621318
3081723551, 12159598672
3081770049, 12159577980
3081819652, 12159553109
3081888399, 12159532774
3081947643, 12159509224
3081996245, 12159489012
3082043856, 12159466827
3082103657, 12159443741
3082152505, 12159421303
3083275447, 12159389691
3083329700, 12159365010
3083377149, 12159334665
3084487024, 12159302701
3084567535, 12159275852
3085681165, 12159233079
3085734837, 12156761869
3086842775, 12156716171
3087814224, 12156660466
3087862586, 12156603681
3087909676, 12156502447
3089047180, 12442100254
3089112432, 12442082374
3090230463, 12442063221
3090283831, 12442043528
3091392350, 12442024979
3091442089, 12442006195
3092554017, 12441987166
3092625771, 12441964613
3093735386, 12441945308
3093786284, 12441926027
3094896065, 12441907110
3094969580, 12441889100
3095020997, 12441867905
3096131121, 12441849387
3096184321, 12441825685
3097298046, 12441793486
3097366838, 12441775578
3106978734, 12441755336
3107047459, 12441735450
3107109393, 12441715503
3107215030, 12441694742
3107281831, 12441676219
3107328873, 12441656675
3107377427, 12441638494
3107434643, 12441618072
3107496839, 12441598672
3107545879, 12441579485
3107593791, 12441558567
3107641430, 12441539393
3107694861, 12441519362
3107743166, 12441498376
3107799951, 12441476187
3107850483, 12441455895
3107901419, 12441434011
3107948806, 12441413671
3108007292, 12441392848
3109131026, 12441370714
3110113031, 12441349241
3110197781, 12441324771
3110249013, 12441296809
3111367378, 12441268826
3111418493, 12441228084
3112542577, 12441204417
3112595033, 12441175490
3113702673, 12441145668
3113752963, 12441097059
3114860320, 12441057125
3114914908, 12441005630
3116024069, 12440935682
3116102925, 12439876642
3116191094, 12439808882
3117324844, 12439697808
3117415272, 12679534845
3118554247, 12679513845
3118653406, 12679495168
3119814051, 12679476488
3119951090, 12679457390
3126731443, 12679437181
3126916340, 12679409717
3127033992, 12678457129
3127146685, 12678422964
3127238752, 12678382406
3127331337, 12678350322
3127426095, 12678318570
3127515288, 12678289001
3127616638, 12678269548
3127707199, 12678246810
3127804198, 12678217346
3127914777, 12678185722
3128030194, 12678152643
3128115916, 12678119491
3128210326, 12678083328
3131603497, 12678049177
3131708571, 12678005902
3131836807, 12677983803
3131932518, 12677954287
3136866909, 12677934576
3137001994, 12677914915
3137087301, 12677892551
3137181372, 12677871021
3137266087, 12677851680
3137351671, 12677832599
3137433714, 12677813506
3137527696, 12677793279
3137613316, 12677772466
3137695182, 12677751997
3137821256, 12677728760
3137880498, 12677704220
3137938670, 12677685382
3137995010, 12677664571
3139145523, 12677643260
3139212784, 12677624407
3140346199, 12677602028
3140410437, 12677581870
3141531714, 12677559657
3141606670, 12677538755
3142717981, 12677517404
3142782274, 12677496719
3142842406, 12677474084
3143964973, 12677447611
3144029255, 12677420813
3145132118, 12677395325
3145195043, 12677365191
3146313827, 12677338348
3146402991, 12677310616
3147521620, 12677281402
3147586960, 12677251608
3148708972, 12677219580
3148806242, 12677191641
3148898316, 12677163111
3150041810, 12677117731
3150122477, 12677090163
3151275968, 12677061808
3151359289, 12677028474
3152521611, 12676998207
3152608664, 12676966033
3159013424, 12676934582
3159177464, 12676907014
3159287396, 12676875327
3159395178, 12676838231
3159487989, 12676805482
3159593558, 12676749625
3159687130, 12676730321
3159777535, 12676709129
3159868859, 12676689567
3159957901, 12676669725
3160063780, 12676650407
3160162178, 12676628213
3160252834, 12676598033
3160339281, 12674384401
3163572325, 12674364875
3163708575, 12674342846
3163799576, 12674322967
3163891780, 12674302744
3164018866, 12674281243
3164114309, 12674258417
3164205982, 12674236482
3165382593, 12674211468
3165483464, 12674188648
3165579591, 12674167604
3166745993, 12674145300
3166840173, 12674125878
3167998162, 12674106505
3168094943, 12674084838
3169240784, 12674062935
3169330088, 12674039543
3170476781, 12674010381
3170558129, 12673987049
3170632949, 12673958071
3171811726, 12673925487
3171893218, 12673896356
3173053745, 12673867880
3173166592, 12673842606
3174317753, 12673807468
3174403595, 12673776232
3174489532, 12673740825
3175635778, 12673693142
3175719480, 12673631206
3176863965, 12673573276
3178138169, 12673514873
3178261495, 12673448910
3178360848, 12673347234
3178452492, 12953561738
3179619517, 12950692049
3179729091, 12950671803
3180888052, 12950651788
3180986433, 12950632533
3182162365, 12950612983
3182285332, 12950594698
3182377516, 12950576422
3183535770, 12950557088
3183664104, 12950538571
3184834283, 12950517836
3184934583, 12950498661
3185023215, 12950478325
3186198716, 12950455648
3186295513, 12950436106
3187456670, 12950414454
3187572920, 12950394315
3188741023, 12950372524
3188878336, 12950349945
3188996733, 12950330437
3192115928, 12950308433
3192263344, 12950288514
3192373931, 12950266833
3192507614, 12950247062
3192599437, 12950220421
3192688365, 12950197882
3192779545, 12950170761
3195071464, 12950142338
3195209370, 12950114439
3195302412, 12950088724
3195403722, 12950061437
3196572715, 12950030949
3196672625, 12950002284
3196765303, 12949970911
3197928133, 12949940079
3198025167, 12949910519
3199186473, 12949878570
3199306146, 12949839126
3200460581, 12949807301
3200551305, 12949749238
3200657229, 12949719504
3201826262, 12949684066
3203055668, 12949650366
3203144539, 12949615598
3203229456, 12949581945
3203336817, 12949528381
3204498960, 12949507987
3204586791, 12949486440
3205736409, 12949464865
3205823765, 12949442280
3206979046, 12949423289
3207073321, 12949401159
3208224667, 12949381721
3208309701, 12949360479
3208414203, 12949340951
3209575768, 12949321317
3209669898, 12949301640
3210852981, 12949282290
3210949278, 12949264530
3212117181, 12949242644
3212213308, 12949224308
3212306284, 12949204197
3214208087, 12949183476
3214272673, 12949161487
3214335368, 12949136216
3215470494, 12949099452
3215586469, 12949076844
3215652180, 12949054319
3216781333, 12949030164
3216850126, 12948998947
3217976847, 12947964705
3218075729, 12947936403
3219220305, 12947905855
3219303314, 12947871613
3220442983, 12947820858
3220525529, 12947763024
3220591265, 12947697348
3221719052, 12947581023
3221803345, 13077897588
3222992554, 13077874837
3223077548, 13077852220
3224209398, 13077823894
3225766241, 13077795723
3225857326, 13077776620
3225956056, 13077755865
3226018832, 13077737003
3227156825, 13077718182
3227226889, 13077698879
3227321849, 13077680380
3228456322, 13077661658
3228524741, 13077642247
3229650927, 13077622679
3229718299, 13077603748
3230844923, 13077583743
3230910789, 13077562571
3232037550, 13077539350
3232105062, 13077520127
3233251684, 13077497602
3233323789, 13077475367
3233387114, 13077453550
3234516055, 13077433671
3234619991, 13077410097
3235788138, 13077384294
3238051375, 13077356572
3238113828, 13077301928
3238175405, 13077280364
3238266616, 13077260987
3238333951, 13077240557
3238395418, 13077221596
3239535033, 13077202595
3239605459, 13077183414
3240732856, 13077162029
3240813062, 13077138000
3241944496, 13077101376
3242033520, 13077081526
3243163980, 13077056697
3243232178, 13077036085
3244379213, 13077012664
3244447510, 13076970544
3244509377, 13075957892
3245689514, 13075933488
3245760317, 13075907465
3246889849, 13075881643
3248366486, 13075855413
3248462104, 13075833494
3248541215, 13075811389
3248603565, 13075787075
3252286694, 13075764224
3252369639, 13075738496
3252435497, 13075701977
3252497633, 13075676488
3252587383, 13075647533
3252649636, 13075614853
3252712058, 13075583707
3252781756, 13075548638
3253916962, 13075501079
3253985718, 13075427439
3255116838, 13075319648
3255227495, 13369743193
3256361152, 13369724158
3256429599, 13369701530
3257560282, 13369680706
3257629580, 13369657803
3258779304, 13369630169
3258847106, 13369606908
3258945166, 13369583020
3260293706, 13369557039
3260363021, 13369536729
3261538722, 13369516954
3261610777, 13369497072
3261672845, 13369474544
3262800154, 13369451307
3262867758, 13369429457
3263996051, 13369408903
3264063406, 13369387044
3265192417, 13369355502
3265296670, 13369334150
3266429445, 13369312479
3266496356, 13369286476
3267624738, 13369267036
3267710552, 13369246164
3267779685, 13369226091
3268908572, 13369207606
3269010634, 13369175922
3270155659, 13369153772
3270235640, 13369111617
3271386240, 13369089200
3273781100, 13369062128
3273844869, 13366710510
3273906286, 13366689331
3273970267, 13366668943
3274032870, 13366646734
3274095294, 13366625083
3275229288, 13366603903
3275354786, 13366579560
3276487833, 13366556322
3276556613, 13366534284
3277705979, 13366512689
3277774341, 13366492706
3277848858, 13366468734
3278996066, 13366438299
3279065911, 13366409272
3280193073, 13366379309
3280282545, 13366342390
3281410527, 13366297903
3281477090, 13366236067
3282604218, 13366168233
3283973795, 13366110764
3284041936, 13366049991
3284104301, 13365939209
3284165495, 13600650350
3285297918, 13600627877
3285423566, 13600608576
3286556333, 13600589130
3286661386, 13600567788
3286723601, 13600549286
3287854019, 13600529675
3287922617, 13600510260
3289065550, 13600490859
3289144403, 13600471503
3290309707, 13600452012
3290377625, 13600430953
3291504922, 13600411946
3291571686, 13600391283
3292704622, 13600372207
3292770674, 13600351712
3292831218, 13600329995
3296006068, 13600310691
3296075227, 13600288375
3296138103, 13600266447
3296231672, 13600241997
3296295944, 13600219227
3296376962, 13600197649
3297514153, 13600175544
3297585705, 13600142243
3298714988, 13600107389
3298812304, 13600077570
3298889028, 13600050858
3301890148, 13600015825
3301998946, 13599988779
3302071528, 13599961063
3302132441, 13599934668
3302193361, 13599906515
3302254403, 13599873755
3303402614, 13599826078
3303485458, 13599804306
3304617323, 13599781932
3304699472, 13599761035
3305827894, 13599741403
3305916926, 13599720550
3307049424, 13599695844
3307131445, 13599675120
3308265724, 13599655843
3308353367, 13599637606
3310787619, 13599615336
3310869095, 13599594213
3310947256, 13599574866
3311011386, 13599554097
3311091869, 13599533964
3311154577, 13599513372
3312295956, 13599490375
3312382275, 13599467222
3313521860, 13599442731
3313603991, 13599419412
3314736293, 13599398079
3314822191, 13599375935
3315964503, 13599344137
3316055738, 13598326222
3316120204, 13598295658
3317250973, 13598264312
3317355020, 13598236376
3318505257, 13598205080
3318604216, 13598173538
3319745863, 13598140396
3321396364, 13598102566
3321488424, 13598073953
3321553287, 13598044517
3321614572, 13598013456
3321675920, 13597983216
3322812770, 13597953952
3322897977, 13597920699
3324039390, 13597886204
3324121541, 13597853115
3325262007, 13597824303
3325345280, 13597781858
3326475322, 13597753823
3326559999, 13597719528
3327702889, 13597682230
3327798657, 13597647353
3327862309, 13597611220
3329004342, 13597559463
3329102338, 13597535455
3330244082, 13597514447
3330328646, 13597493582
3333077620, 13597472101
3336058780, 13597449313
3336168040, 13597428837
3336237627, 13597407330
3336300959, 13597385794
3336369059, 13597364485
3336428853, 13597340869
3336490695, 13597318091
3336552246, 13597296404
3336612911, 13597275170
3336691467, 13597251508
3336768556, 13597226048
3340423283, 13597202689
3340531769, 13597178559
3342217186, 13597155054
3342269910, 13597111507
3342321018, 13597076071
3342370550, 13597035360
3342429910, 13596995062
3342495105, 13596951455
3342547521, 13596900989
3342591802, 13596847252
3343705487, 13596782491
3343759965, 13596727005
3344873807, 13596663881
3344928245, 13596557654
3346039959, 13892694609
3346097181, 13892669754
3346139582, 13892647083
3347244172, 13892623243
3347300120, 13892601092
3348407438, 13892577751
3348465010, 13892552236
3349568564, 13892529351
3350652619, 13892502495
3350721831, 13892478963
3350774212, 13892443921
3351894885, 13892408103
3351952336, 13892374184
3353061187, 13892340594
3354802296, 13892305167
3354881586, 13892271743
3354945928, 13892238422
3355002267, 13892204674
3355055025, 13892169374
3356179298, 13892144479
3356252047, 13892121060
3357370553, 13892098969
3357440969, 13892077710
3358560483, 13892056832
3358632149, 13892027004
3359760724, 13892000300
3359842504, 13891968340
3360981202, 13891932390
3364975956, 13891897756
3365065571, 13891872808
3365137353, 13891842431
3365217048, 13891798644
3365280842, 13891752507
3365342766, 13891708633
3365418610, 13891661583
3368836477, 13891618099
3368920024, 13891575357
3368983997, 13891529982
3369046054, 13891472115
3369107260, 13891440975
3369180061, 13891405519
3369260425, 13891367754
3369335699, 13891317035
3369449412, 13891298097
3369555966, 13891279366
3370713933, 13891258387
3370799583, 13891239851
3371932275, 13891220599
3372035917, 13891199975
3373134700, 13891179155
3373189911, 13891157622
3374301523, 13891136239
3374355204, 13891112962
3375471906, 13891086253
3375525019, 13888217012
3375574255, 13888195351
3376687903, 13888172980
3376783775, 13888149466
3377897751, 13888128417
3377973574, 13888106656
3379089650, 13888085642
3379168926, 13888063749
3380307895, 13888041267
3380377260, 13888018267
3381500668, 13887995713
3381556837, 13887973377
3382677468, 13887949813
3382743406, 13887920429
3382806205, 13887886001
3384026831, 13887859796
3384097432, 13887829907
3385230545, 13887799354
3385298872, 13887765545
3386427919, 13887719934
3403135507, 13887658479
3403225212, 13887603701
3403277932, 13887535376
3403321970, 13887428800
3403400445, 14017487155
3403457336, 14017464093
3403499792, 14017439316
3403544475, 14017416648
3403586162, 14017396137
3403628739, 14017376520
3403670668, 14017356821
3403713604, 14017336101
3403755024, 14017315973
3403795700, 14017296527
3403837025, 14017275451
3403880210, 14017254231
3403934022, 14017233969
3403980869, 14017211118
3404023835, 14017184790
3404067771, 14017162910
3404121807, 14017139862
3404174707, 14017109205
3404228990, 14017088347
3404285655, 14017065864
3404328737, 14017044115
3404372584, 14017018933
3404413903, 14013621738
3404458602, 14013591294
3404501137, 14013570331
3404545378, 14013550212
3404589005, 14013528796
3404631975, 14013507702
3404677765, 14013488537
3404720294, 14013465975
3406531050, 14013445171
3406586872, 14013425867
3406628015, 14013406293
3406691126, 14013385240
3407812964, 14013366243
3407870888, 14013346735
3408983151, 14013326955
3417354571, 14013306455
3417400943, 14013285603
3417438903, 14013265490
3417474366, 14013244986
3417510858, 14013225175
3417547557, 14013203354
3417594215, 14013179921
3417633270, 14013159449
3417670507, 14013134896
3417707926, 14013097608
3417743902, 14013071812
3417779775, 14013042909
3417814858, 14013013396
3417874999, 14012988385
3417937399, 14012959962
3417984660, 14012927522
3418021525, 14012898307
3419134076, 14012868784
3419190793, 14012834901
3420287975, 14012801982
3420328605, 14012756737
3421039803, 14012695832
3422142211, 14012598933
3422178616, 14317524739
3423269111, 14317507114
3423304731, 14317488441
3423337160, 14317470468
3424411824, 14317449258
3428692588, 14317426106
3428745932, 14317405877
3428778044, 14317385385
3428811396, 14317367105
3428852886, 14317346189
3428887213, 14317327173
3428919070, 14317308046
3428958318, 14317289816
3428995283, 14317269197
3430093943, 14317246137
3430133731, 14316236466
3431227052, 14316215751
3431265708, 14316192366
3432355887, 14316155979
3432397738, 14316135669
3433502631, 14316116689
3433553711, 14316094979
3434649631, 14316074926
3434725536, 14316055967
3435823295, 14316036760
3436512355, 14316015180
3436582308, 14315996713
3437678764, 14315974651
3437716671, 14315955462
3438811934, 14315935714
3438849231, 14315914006
3438888535, 14315891054
3439991657, 14315872039
3440032465, 14315850805
3441125854, 14315828896
3441163978, 14315807429
3442257926, 14315785541
3442297209, 14315763344
3443407108, 14315741573
3443457227, 14315720361
3444562983, 14315697942
3444624972, 14315673402
3445730621, 14315647479
3445781312, 14315614883
3446900796, 14315585184
3446950240, 14315555808
3455772475, 14315513237
3455838526, 14315467000
3455902927, 14315420867
3455953705, 14315367100
3456028373, 14315307738
3456078958, 14315186257
3456132024, 14595370624
3456185240, 14595349743
3456269058, 14595332360
3456321631, 14595311848
3456371999, 14595291675
3456421347, 14595270357
3456497758, 14595253250
3456549705, 14595236754
3456599078, 14595218836
3456661290, 14595200712
3456714566, 14595181966
3456763499, 14595164848
3457884829, 14595142580
3457948220, 14595122741
3458964017, 14595103275
3459031083, 14595085405
3460156585, 14595067389
3460210089, 14595047907
3461323890, 14595027332
3461378018, 14595008715
3462506147, 14594989077
3462562543, 14594969598
3463674832, 14594945887
3463731014, 14594923281
3464882543, 14594873841
3464942481, 14594856121
3464997204, 14594839065
3466112943, 14594820704
3466170504, 14594802751
3467289444, 14594783963
3467346994, 14594762945
3468462828, 14594743608
3468521356, 14594723482
3469636426, 14594705442
3482054749, 14594686484
3482126936, 14594664393
3482192164, 14594638971
3482253544, 14594590950
3482316150, 14592133389
3482378031, 14592111571
3482442631, 14592087622
3482509026, 14592068281
3482690715, 14592047119
3482758656, 14592025526
3482820760, 14592003310
3482882407, 14591980943
3482962692, 14591961145
3483023684, 14591932983
3483085960, 14591906739
3483148349, 14591878867
3483216976, 14591848689
3483280441, 14591820825
3483362053, 14591792174
3483436653, 14591764614
3483498659, 14591733288
3484416131, 14591705617
3484458047, 14591679664
3484499218, 14591653013
3484539174, 14591627248
3484590122, 14591595857
3484671251, 14591569697
3484715091, 14591531221
3485862125, 14591499896
3485910406, 14591468665
3487014263, 14591441038
3487060329, 14591407940
3488161253, 14591367488
3488205931, 14591339766
3488417237, 14591304918
3494039162, 14591272470
3494123559, 14591210633
3494174486, 14591190217
3494224705, 14591172860
3494264529, 14591152791
3494302716, 14591132481
3494340616, 14591113066
3494380006, 14591094047
3494418414, 14591076059
3494478995, 14591055920
3494519088, 14591037244
3495800110, 14591017281
3495848959, 14590995943
3496953207, 14590974378
3496995791, 14590951490
3498092779, 14590931960
3498134738, 14590912709
3499260394, 14590891416
3499304399, 14590870780
3500422321, 14590850396
3500498833, 14590829291
3500569382, 14590809099
3503954914, 14590788484
3504019036, 14590766464
3504082497, 14590743993
3504142835, 14590718326
3504202972, 14590685171
3504292186, 14590660891
3505429508, 14590633994
3505493099, 14590599235
3505553296, 14590571118
3506678389, 14590543287
3506739298, 14590511895
3507866581, 14590483475
3507940078, 14590451833
3509066983, 14590421539
3509154580, 14590393882
3510276470, 14590360867
3510340318, 14590326468
3511464109, 14590274814
3511543479, 14589050960
3512664475, 14838901353
3513701154, 14838881262
3513772970, 14838851588
3513867194, 14838832983
3513988997, 14838812399
3515139795, 14838795395
3515235882, 14838774583
3516379168, 14838755347
3516469576, 14838737169
3517611177, 14838718292
3517711690, 14838698506
3517791469, 14838678870
3518936137, 14838661012
3519025151, 14838642733
3520174202, 14838621038
3520259153, 14838602224
3521397553, 14838583897
3521502154, 14838562151
3522644282, 14838538001
3522750679, 14838517039
3522829430, 14838497846
3523973740, 14838476430
3534719547, 14838455984
3534830887, 14838436361
3534895287, 14838415139
3534958672, 14838390074
3535018666, 14838362522
3535103564, 14838334020
3535169247, 14838310613
3535231603, 14838280319
3535305187, 14838252673
3535365413, 14838221936
3535426317, 14837200095
3535485525, 14837173001
3535546234, 14837144195
3535607737, 14837100620
3535685698, 14837070286
3535752196, 14837039909
3535816059, 14837014409
3535891610, 14836986993
3535962013, 14836954261
3536021928, 14836926273
3537244962, 14836889997
3537308342, 14836855651
3537372116, 14836828130
3537443568, 14836798437
3537507650, 14836767140
3538648889, 14836727553
3538722121, 14836676009
3539853514, 14836657524
3539918378, 14836637633
3541038992, 14836617814
3541106751, 14836598788
3541175458, 14836578889
3542299316, 14836561609
3542372881, 14836542961
3543495132, 14836524662
3543579817, 14836505660
3544706729, 14836487401
3544788240, 14836469433
3545952521, 14836450928
3546054560, 14836433515
3554130338, 14836413835
3554238323, 14836392202
3554316404, 14836372285
3554395050, 14836348865
3554473544, 14836327684
3554553615, 14836305991
3554630758, 14836277841
3554719604, 14836256064
3554787007, 14836233484
3554861684, 14836210058
3554927360, 14836179302
3554990928, 14836132836
3555081828, 14836085622
3555146042, 14836034320
3555214083, 14835976077
3555282005, 14835879244
3555376851, 14980475965
3556068061, 14980445003
3556174064, 14979451388
3565253840, 14979432166
3565324969, 14979413827
3565377502, 14979396058
3565433568, 14979378657
3565481824, 14979360330
3565527053, 14979339940
3565575113, 14979321327
3565619851, 14979302403
3565670464, 14979284435
3565715840, 14979262527
3565770234, 14979241656
3566500991, 14979220823
3566549205, 14979202022
3566594839, 14979182260
3566671400, 14979161157
3566722943, 14979133689
3566781676, 14979113175
3566830705, 14979095503
3566902645, 14979075525
3568029231, 14979057532
3568083604, 14979040060
3569191814, 14979021274
3569242725, 14979002794
3570350071, 14978984901
3570398317, 14978965373
3571506541, 14978947709
3571557912, 14978927927
3572671251, 14978907976
3572721169, 14978889797
3573828641, 14978870530
3573881040, 14978851804
3573940894, 14978830705
3575067673, 14978810663
3575147071, 14978789856
3576279857, 14978767774
3576347014, 14978744054
3579449783, 14978725565
3579549139, 14978704605
3579612120, 14978682990
3579673216, 14978657639
3579734317, 14978629179
3579793898, 14978602954
3580919895, 14978575272
3580983211, 14978545740
3582113611, 14978518106
3582179374, 14978483873
3582624709, 14978453504
3583751949, 14978425231
3583819309, 14978395971
3583898676, 14978364646
3585028019, 14978334328
3585112536, 14978305589
3586272426, 14978266229
3586374198, 14978236215
3587522360, 14978196985
3587622958, 14978147083
3588767488, 14978031658
3588851297, 15266496249
3588928536, 15266477206
3590076475, 15266459845
3590170486, 15266441777
3591312708, 15266424046
3591411741, 15266405310
3592554834, 15266387916
3592638191, 15266368361
3593779894, 15266351187
3595123103, 15266329363
3595228698, 15266299102
3595324194, 15266279939
3595428714, 15266263219
3596597095, 15266245488
3596699643, 15266227434
3596811016, 15266208698
3597969441, 15266189568
3598068311, 15266167353
3599230467, 15266147755
3599324306, 15266128487
3600483472, 15266110179
3600577930, 15266091371
3600677913, 15266071819
3601834290, 15266052714
3601952821, 15266033896
3603112922, 15266014484
3603249976, 15265994850
3603344574, 15265974941
3604507748, 15265955604
3606721065, 15265935460
3606790058, 15265914716
3606852649, 15265894279
3606944160, 15265872283
3607009787, 15265848423
3608148184, 15265820789
3608218790, 15265793125
3609349248, 15265767573
3609421040, 15265738076
3609483176, 15265709296
3610614497, 15265680112
3610681318, 15265652230
3611810452, 15265621722
3611877957, 15265581036
3613034700, 15265551383
3613128532, 15265521720
3614268837, 15265490675
3614378462, 15265451801
3614447398, 15265406919
3615577995, 15265357253
3617177092, 15265292382
3617248262, 15265225777
3617312089, 15265094026
3617372075, 15518364930
3618508523, 15518342601
3618577640, 15518320483
3619625583, 15518298627
3619732481, 15518281641
3623700976, 15518264320
3623786245, 15518245769
3623857867, 15518227368
3623920471, 15518207245
3624012695, 15518187034
3624073606, 15518165622
3624135792, 15518145949
3625224226, 15518124869
3625285977, 15518103579
3625345707, 15518080170
3626499338, 15517054229
3626556617, 15517031929
3627671422, 15517010045
3627727476, 15516985419
3627781040, 15516964566
3628897271, 15516944274
3628976970, 15516921420
3630095568, 15516899266
3630186205, 15516870760
3631307928, 15516853317
3631366231, 15516834184
3632497053, 15516815819
3632554434, 15516796969
3633670516, 15516777598
3633727653, 15516760148
3634844107, 15516739807
3634901753, 15516718541
3636033197, 15516700116
3636094876, 15516681893
3636148952, 15516661583
3637272080, 15516642875
3637344504, 15516623951
3638473053, 15516603880
3638569180, 15516584182
3639699976, 15516565548
3639767233, 15516544952
3640912638, 15516525269
3641019861, 15516505320
3642166671, 15516483742
3642232416, 15516463817
3642304309, 15516444479
3643434278, 15516416130
3643501793, 15516385978
3644632434, 15516362167
3644699475, 15516334480
3645835508, 15516302377
3645905689, 15516267349
3647037058, 15516236835
3648395940, 15516207253
3648474180, 15516181627
3648555474, 15516154528
3648617814, 15516125932
3653246189, 15516098155
3653333763, 15516063807
3653397782, 15516032373
3653508798, 15515991431
3653573307, 15515959693
3653635846, 15515928665
3653699175, 15515896147
3653762040, 15515865372
3653822301, 15515831303
3653894309, 15515800066
3655033842, 15515767796
3656061204, 15515732434
3656121041, 15515681169
3656181318, 15515661951
3657311662, 15515641997
3657411854, 15515621503
3658548254, 15515602235
3658608301, 15515584451
3659742232, 15515563139
3659798846, 15515544215
3660915244, 15515522865
3661003406, 15515503698
3662132615, 15515485233
3662190276, 15515464598
3662241799, 15515444502
3663358697, 15515424183
3663417457, 15515403843
3664535296, 15515381891
3664594918, 15514992726
3665712131, 15514972784
3665769251, 15514950387
3667751045, 15514929611
3667817265, 15514905622
3667905806, 15514884406
3667969518, 15514863921
3669132480, 15514842643
3669199422, 15514816034
3670331312, 15514790379
3670398978, 15514762206
3671568404, 15514735581
3671640607, 15514711933
3671704113, 15514684669
3672834942, 15514654482
3672906429, 15514625553
3674035795, 15514590936
3674114594, 15514558948
3675245580, 15514520424
3675313759, 15514471125
3676464036, 15514415119
3676536059, 15514359776
3677688369, 15514297110
3679087335, 15514230764
3679188569, 15514112760
3679251289, 15732818762
3679311444, 15732798980
3680448511, 15732778211
3680526582, 15732757464
3680629094, 15732735996
3681760326, 15732716016
3681825699, 15732694507
3682954573, 15732657473
3683021409, 15732192466
3684151138, 15732174265
3684216010, 15732156228
3685346982, 15732136586
3685416105, 15732117351
3686545483, 15732096912
3686635399, 15732076890
3686709006, 15732056514
3687879021, 15732035274
3687949534, 15732014206
3689080289, 15731994588
3692046858, 15731975121
3692112360, 15731953728
3692174986, 15731930894
3692284524, 15731909314
3692350009, 15731887582
3692411874, 15731862896
3692477461, 15731833650
3693616695, 15731807089
3693686356, 15731782170
3694818302, 15731753768
3694886385, 15731725986
3696022235, 15731686854
3696091061, 15731650270
3696153045, 15731630821
3697302492, 15731610553
3697408065, 15731588564
3698543874, 15731565628
3698648896, 15731542520
3699785636, 15731519861
3699859798, 15731497231
3701507230, 15731473014
3701619616, 15731453703
3701683204, 15731434667
3701742281, 15731414571
3702881008, 15731395514
3702949846, 15731376576
3704078171, 15731353008
3704145018, 15731333778
3705273688, 15731311364
3705340947, 15731289912
3706469903, 15731269127
3706536059, 15731247740
3707690103, 15731225192
3707756587, 15731204366
3707834708, 15731180484
3708999081, 15731153810
3709070148, 15731122587
3710209712, 15731095457
3710278944, 15731065417
3711424128, 15731037713
3714850538, 15731009905
3714978618, 15730981899
3715058913, 15730958926
3715122949, 15730925058
3715186391, 15730893284
3715248222, 15730863998
3715310188, 15730834596
3715372363, 15730804514
3718735838, 15730771307
3718870640, 15730745026
3718933749, 15730716961
3718995250, 15730682565
3719073114, 15730650133
3719146643, 15730622877
3719210541, 15730592341
3720352660, 15730556790
3720426800, 15730517849
3721561669, 15730478283
3723852092, 15730384652
3723974402, 15891325915
3724038385, 15891306255
3724105567, 15891289269
3724167526, 15891271361
3724228537, 15891251908
3725366574, 15891232096
3725436566, 15891209506
3726569974, 15891189659
3726663081, 15891169728
3726727553, 15891149632
3727872385, 15891129437
3727942784, 15891106683
3729073589, 15891084179
3729157198, 15891060629
3730323468, 15891021487
3730411718, 15890998689
3731545319, 15890975864
3731614432, 15890949853
3731692647, 15890928056
3732839801, 15890905231
3734318467, 15890879776
3734385377, 15890856439
3734447936, 15890835299
3734509872, 15890797527
3735648994, 15890779009
3735744739, 15890760275
3736877942, 15890741894
3736946624, 15890721789
3738074301, 15890702712
3738142916, 15890683280
3739272208, 15890664519
3739360572, 15890645125
3740504624, 15890625243
3740576219, 15890606909
3740652669, 15890587018
3741782715, 15890566869
3741850502, 15890547642
3742617045, 15890525918
3747323429, 15890504312
3747406572, 15890478683
3747470565, 15890452392
3747560779, 15890428103
3748975313, 15890402627
3749040373, 15890379843
3749103624, 15890341987
3749174525, 15889234349
3749237100, 15889212075
3749296677, 15889187749
3749355505, 15889162754
3749415782, 15889139742
3749497212, 15889099643
3750642008, 15889079774
3750712555, 15889057195
3751842594, 15889034093
3751910278, 15889010384
3753072906, 15888984181
3753150329, 15888959390
3754282263, 15888930922
3754389192, 15888884422
3754453603, 15888795452
3755584551, 16214189928
3755654775, 16214165909
3760375462, 16214138131
3760474832, 16214118733
3760539288, 16214100304
3760604640, 16214080179
3760666622, 16214059719
3760729183, 16214040321
3760790511, 16214021090
3760865397, 16214000925
3760928965, 16213981577
3762067683, 16213962625
3762155711, 16213943385
3762231525, 16213926085
3763363916, 16213905788
3763435977, 16213886336
3764566305, 16213866187
3764635027, 16213843892
3765762567, 16213812613
3765830541, 16213794043
3766960274, 16213774442
3767047634, 16213755583
3768177078, 16213734862
3768264987, 16213714900
3768336864, 16213693597
3769478301, 16213672941
3769563009, 16213654306
3770720877, 16213633586
3770810216, 16213613357
3771943214, 16213592345
3772015860, 16213569943
3773136135, 16213549850
3773224843, 16213529201
3774363519, 16213506232
3774435750, 16213485562
3774501275, 16213453940
3775634402, 16212671758
3775710717, 16212651349
3776867392, 16212631228
3776938085, 16212609507
3778069809, 16212589558
3778149204, 16212566690
3779280524, 16212543617
3780715803, 16212521384
3780800946, 16212499477
3780920455, 16212477276
3780997592, 16212450926
3797782451, 16212413977
3797909714, 16212373312
3797976739, 16212329574
3798032074, 16212281645
3798101730, 16212188773
3798156832, 16505555698
3798208956, 16505536962
3798264789, 16505519816
3798318621, 16505500382
3798373279, 16505482908
3798426893, 16505465667
3798491129, 16505448642
3798528134, 16505430997
3798567080, 16505412756
3798603676, 16505395091
3798642841, 16505374734
3798693351, 16505355964
3798743940, 16505337273
3799452893, 16505313338
3799490916, 16505293423
3799541519, 16505274993
3799586594, 16505257822
3799625058, 16505239377
3799663053, 16505219745
3799700477, 16505198342
3799736032, 16505177598
3799774299, 16505155030
3799811916, 16505114912
3799848225, 16505092832
3799884968, 16505053030
3799933229, 16505034535
3799969382, 16505015911
3800006034, 16505000150
3800052710, 16504982543
3800097366, 16504965752
3808225231, 16504947503
3808281819, 16504930313
3808320941, 16504913735
3808402768, 16504895630
3808434109, 16504876602
3808468687, 16504858373
3808987473, 16504840421
3809018338, 16504820652
3809046831, 16504800275
3809074423, 16504780944
3809100038, 16504761345
3809132844, 16504742842
3809163169, 16504723518
3809190192, 16504705069
3809216853, 16504686574
3809269941, 16504666214
3810380501, 16504646618
3810414891, 16504626952
3811498935, 16504606678
3811528358, 16504585057
3812612238, 16504563289
3812649660, 16504542960
3813734286, 16504523245
3813764622, 16504503874
3814849472, 16504483958
3814880955, 16504464082
3818454502, 16504443039
3818486755, 16504424592
3818523464, 16504402562
3818566077, 16504380127
3818596812, 16504361345
3818627879, 16504339801
3818661368, 16504320308
3819785122, 16504298657
3819843815, 16504270218
3820934835, 16503362944
3820971227, 16503340036
3822064285, 16503316805
3822107443, 16503294202
3823199319, 16503272757
3823231716, 16503240443
3824325101, 16503223933
3824359982, 16503205306
3825449038, 16503185132
3825482851, 16503167632
3826575381, 16503149146
3827238925, 16503128163
3827274239, 16503110880
3827305358, 16503091577
3828396211, 16503071072
3828431681, 16503047469
3829573854, 16503029796
3829624480, 16503010406
3830720908, 16502991812
3830763049, 16502975040
3831871795, 16502956593
3831914748, 16502936393
3833012060, 16502917171
3833055616, 16502897581
3834155529, 16502875649
3834197304, 16502854658
3835296602, 16502832873
3835338131, 16502813967
3836437464, 16502793583
3836483665, 16502774270
3837358599, 16502752889
3846865661, 16502729947
3846972700, 16502707431
3847037686, 16502686653
3847131103, 16502664767
3847186927, 16502640788
3847236407, 16502603922
3847315171, 16502558195
3847366441, 16502511311
3847418570, 16502464055
3847468699, 16502418507
3847518788, 16502370028
3847577233, 16502321951
3847629530, 16502270587
3847681143, 16502172272
3847731099, 16713195982
3847784038, 16713176210
3847834810, 16713114807
3847908240, 16713095569
3847962389, 16713078564
3848012100, 16713060390
3850024819, 16713038935
3850099739, 16713013052
3850138694, 16712995730
3850174177, 16712975429
3855917266, 16712956913
3855960495, 16712938318
3856000080, 16712918260
3856035517, 16712899430
3856072529, 16712878183
3856109327, 16712857502
3856145899, 16712837600
3856183484, 16712819425
3856220705, 16712800988
3856268066, 16712782485
3856305532, 16712764007
3857439060, 16712744191
3857494628, 16712726140
3858595958, 16712704334
3858636718, 16712685932
3859757343, 16712665496
3859793804, 16712643468
3860893299, 16712619774
3860929681, 16712597906
3862018350, 16712579235
3862664523, 16712553517
3862705536, 16712532684
3863801265, 16712510530
3863837227, 16712491352
3864928497, 16712471511
3864962932, 16712452704
3864998075, 16712431777
3866089790, 16712413058
3866127545, 16712392116
3867252878, 16712369333
3867290731, 16712347208
3868378556, 16712326766
3868410845, 16712304751
3869515766, 16712283963
3869560088, 16712262378
3870660398, 16712241840
3870704285, 16712218742
3871806082, 16712197579
3871849757, 16712175411
3872949453, 16712154368
3872992341, 16712132011
3879959571, 16712112086
3880003486, 16712089448
3880058433, 16712053245
3880100614, 16712032190
3880142570, 16712012912
3880237876, 16711993669
3880295868, 16711974619
3880339393, 16711954686
3880379922, 16711935222
3880420263, 16711915552
3880504237, 16711896004
3880547895, 16711877017
3880587523, 16711856684
3880627746, 16711831973
3881740536, 16711212711
3881786250, 16711176998
3882888464, 16711124640
3882933442, 16711084395
3884037736, 16711048534
3884083487, 16711009668
3884952209, 16710967654
3885002207, 16710925263
3886106285, 16710882637
3886171550, 16710839520
3887293254, 16710799349
3887349615, 16710752709
3888449224, 16710678276
3888493423, 16911699258
3889612683, 16911680444
3889656744, 16911661676
3890759464, 16911642312
3890816604, 16911624127
3891934292, 16911604846
3891991646, 16911586140
3893108298, 16911564855
3893175439, 16911543532
3894293920, 16911523449
3894352046, 16911503881
3895469322, 16911484195
3895550738, 16911462019
3901908280, 16911441759
3901990415, 16911421848
3902082641, 16911402551
3902148515, 16911383714
3902210218, 16911365229
3902285039, 16911343862
3902351602, 16911312169
3902413122, 16911268849
3902474923, 16911249316
3902539525, 16911231091
3902613307, 16911213297
3902675594, 16911193638
3902738910, 16911175528
3902800220, 16911155136
3905064343, 16911134844
3905152377, 16911112860
3905216552, 16911093728
3905277223, 16911070379
3906442125, 16910605872
3906513706, 16910585624
3907680003, 16910565179
3907750071, 16910545522
3907826403, 16910521892
3908957532, 16910498220
3909044974, 16910476852
3910178577, 16910454870
3910289704, 16910434900
3916266765, 16910412017
3916335205, 16910392445
3916399761, 16910372640
3916462295, 16910350732
3916524030, 16910329272
3916587559, 16910309604
3916647316, 16910284657
3916710336, 16910263551
3916772015, 16910242822
3916862724, 16910219531
3916949462, 16910196033
3917014826, 16910176275
3918164015, 16910154993
3918236711, 16910132853
3919368089, 16910112084
3919474570, 16910087753
3919545348, 16910061394
3920705716, 16910024934
3920770127, 16909975944
3921891524, 16909895671
3922997723, 17198048849
3923075395, 17198030233
3923171669, 17198011410
3924331642, 17197994070
3924422516, 17197975841
3924510412, 17197956702
3925659097, 17197936828
3925776336, 17197917719
3926544200, 17197898119
3926668543, 17197880236
3934193361, 17197860036
3934347675, 17197827450
3934462035, 17197807844
3934554764, 17197788785
3934659864, 17197771629
3934786476, 17197751936
3934884106, 17197734251
3934975076, 17197714669
3935067218, 17197696826
3935160341, 17197678423
3935249476, 17197660970
3935354820, 17197642167
3935452025, 17197623859
3935542724, 17197604752
3935634117, 17197584994
3935726133, 17197556462
3938371737, 17196663955
3938528478, 17196641128
3938625676, 17196619104
3938735649, 17196598414
3938825128, 17196575620
3938919250, 17196554578
3940083725, 17196535129
3945426575, 17196514953
3945507184, 17196494786
3945587899, 17196471970
3945656753, 17196452667
3945727778, 17196429887
3945794827, 17196408223
3945873906, 17196388881
3945943458, 17196366601
3946013422, 17196345706
3946080805, 17196323160
3946163137, 17196298529
3946266225, 17196277386
3947422074, 17196254337
3947498595, 17196226993
3948631811, 17196192429
3948705021, 17196148437
3949835357, 17196107450
3949916404, 17196057950
3950012797, 17195976219
3951149729, 17471339998
3951220516, 17471320925
3952266955, 17471297853
3952341186, 17471278359
3953468586, 17471258944
3953542234, 17471239490
3954669510, 17471202283
3954738798, 17471180800
3955863986, 17471162581
3955982188, 17471142372
3957132274, 17471122566
3957205772, 17471104653
3957270219, 17471085458
3958396690, 17471067438
3958466013, 17471048742
3959591638, 17471029407
3959665324, 17471009879
3960821044, 17470990103
3960921261, 17470969408
3962070665, 17470946915
3962159898, 17470926637
3962244553, 17470907220
3972780211, 17470887467
3972856218, 17470867118
3972936612, 17470846072
3973010511, 17470826129
3973095083, 17470805741
3973195521, 17470781451
3973276363, 17470760679
3973349378, 17470730197
3973421375, 17470711219
3973495602, 17470693726
3973568841, 17470675213
3973656899, 17470656753
3973737570, 17470636815
3973841053, 17470618227
3973912564, 17470598117
3973989088, 17470580053
3974063196, 17470560295
3974146863, 17470539229
3974223205, 17470518266
3974305353, 17470499246
3975641098, 17470477709
3975726299, 17470455945
3975825510, 17470437215
3975898668, 17470414908
3977050477, 17470394826
3977135225, 17470374680
3978274689, 17470352147
3978352175, 17470331134
3978422626, 17470298856
3979566956, 17469108233
3979647295, 17469086122
3980800936, 17469066825
3980880107, 17469045547
3982021399, 17469025668
3982128253, 17469004732
3983272088, 17468981646
3983353463, 17468959313
3983432510, 17468937575
3984571907, 17468913776
3984665434, 17468892718
3990009743, 17468871683
3990114117, 17468850425
3990188066, 17468827629
3990262701, 17468803393
3990345435, 17468780269
3990421067, 17468760404
3990494216, 17468739455
3990567674, 17468717168
3990673328, 17468694685
3990745056, 17468671677
3990818202, 17468647697
3991974231, 17468625557
3992092989, 17468604522
3993241403, 17468572277
3993334760, 17468553968
3993417559, 17468535022
3994608582, 17468516250
3994700766, 17468496056
3995852689, 17468475205
3995940029, 17468456080
3996653307, 17468436166
3998262473, 17468417085
3998390738, 17468398860
3998490908, 17468380623
3998574831, 17468360575
3999888239, 17468341182
3999984108, 17468319954
4000075850, 17468298512
4001251427, 17468279726
4001359798, 17468261223
4002517964, 17468240923
4002648897, 17468222231
4003807654, 17468200925
4003922550, 17468173295
4004028861, 17468154000
4005202362, 17468133277
4005301622, 17468109956
4006464169, 17468086423
4006584550, 17468052912
4006680667, 17468014228
4007853851, 17467972295
4007978216, 17467921324
4009137683, 17467882112
4009247957, 17467842236
4010413638, 17467801126
4010526376, 17467755511
4010631749, 17467708291
4012109222, 17467621122
4012219272, 17733211761
4012319076, 17733191553
4013500980, 17733168853
4013631883, 17733104485
4014796700, 17733085613
4014905014, 17733067564
4014998230, 17733045541
4016156188, 17733027790
4016269044, 17733008583
4017434861, 17732988240
4017557885, 17732966720
4018729514, 17732948900
4018840827, 17732928089
4018937336, 17732909163
4020094071, 17732889759
4020207108, 17732868860
4021365059, 17732848853
4021518830, 17732828735
4022102220, 17732806287
4022615923, 17732785653
4023932106, 17732765059
4024042491, 17732745469
4024136996, 17732725446
4025298573, 17732705161
4025396443, 17732685749
4026556135, 17732666518
4026651230, 17732643937
4026776760, 17732622037
4028261509, 17732598369
4028368952, 17732576832
4028472895, 17732555259
4029645292, 17732534222
4029766397, 17732514111
4030928106, 17732491900
4031041217, 17732471043
4031133375, 17732448904
4032294148, 17732426717
4032454461, 17732405913
4033615697, 17732385594
4033733828, 17732364512
4034905483, 17732340850
4035020295, 17732321202
4035111837, 17732300100
4036274095, 17732279115
4036415338, 17732256038
4037580774, 17732233573
4037688933, 17732199832
4037794354, 17732181036
4039485793, 17732160073
4039554220, 17732140663
4039616618, 17732121217
4040755564, 17732085468
4040842384, 17731165245
4041987016, 17731145639
4042086156, 17731127704
4043230409, 17731107544
4043311108, 17731086480
4043387525, 17731065819
4044530987, 17731045373
4044614071, 17731025244
4045755944, 17731003086
4045853572, 17730979842
4046998135, 17730960026
4047079272, 17730938948
4048214587, 17730916272
4048297899, 17730889672
4048372486, 17730867629
4049501982, 17730840772
4051081530, 17730810824
4051145813, 17730789796
4051212155, 17730767119
4051291217, 17730743110
4052444736, 17730709095
4052536447, 17730673402
4053677142, 17730629586
4053758957, 17730586073
4054890209, 17730537460
4054970696, 17730434445
4055035016, 17877299336
4056178753, 17877282604
4056259316, 17877263703
4057390194, 17877245539
4057471541, 17877228457
4058602316, 17877209082
4058681902, 17877191065
4059811709, 17877173522
4059880912, 17877153098
4061010416, 17877114033
4062637782, 17877093185
4062746559, 17877074139
4062810298, 17877051704
4062872808, 17877030873
4062934542, 17877012132
4064073377, 17876994454
4064144940, 17876971978
4065273859, 17876947859
4065342186, 17876924626
4066481459, 17876899857
4066559242, 17875880282
4067688705, 17875858935
4067754695, 17875836535
4067818561, 17875812066
4068958462, 17875777194
4069044638, 17875749968
4070179485, 17875729244
4070249386, 17875710391
4071430672, 17875689257
4071505585, 17875668047
4072939043, 17875645261
4073016350, 17875624536
4073077801, 17875605042
4074224340, 17875586035
4074291062, 17875567056
4075418020, 17875548505
4075482906, 17875529443
4075588237, 17875509734
4076720518, 17875490714
4076786858, 17875470000
4077914512, 17875447484
4077978781, 17875429207
4079105166, 17875408619
4079186702, 17875388949
4080319095, 17875368348
4080402365, 17875347864
4081562482, 17875327642
4081636861, 17875308321
4081698927, 17875288378
4082826602, 17875268955
4082894350, 17875248795
4085569675, 17875227138
4085633153, 17875203715
4085694412, 17875181320
4085755560, 17875156974
4085846166, 17875132201
4086983083, 17875103052
4087054223, 17875067581
4088183020, 17875017117
4088264062, 17874922515
4088346121, 18219679133
4089478196, 18219659713
4089546431, 18219638269
4090674349, 18219617367
4090811269, 18219594553
4091944181, 18219571803
4092013772, 18219548992
4092996309, 18219525837
4093090531, 18219501722
4095672191, 18219476260
4095788731, 18219457025
4095864242, 18219437270
4095927353, 18219411581
4095999907, 18218761097
4099195382, 18218741834
4099274603, 18218722877
4099336909, 18218701384
4099398147, 18218682104
4099460741, 18218661894
4099521344, 18218641494
4099583637, 18218610933
4100752073, 18218592688
4100863474, 18218574876
4101994328, 18218555740
4102061245, 18218538367
4103188158, 18218519956
4103252060, 18218499896
4104132609, 18218476823
4104213604, 18218458121
4105339056, 18218439956
4105401770, 18218419364
4106522529, 18218402019
4106587631, 18218382742
4107708038, 18218364407
4107769808, 18218343780
4107825468, 18218324276
4108945715, 18218302964
4109006563, 18218283115
4110127710, 18218262796
4110206764, 18218242299
4111361949, 18218222918
4111427207, 18218202859
4112549714, 18218180976
4112624519, 18218160174
4113750523, 18218138217
4113834623, 18218115565
4113897437, 18218089116
4116053533, 18218054648
4116117370, 18218015153
4116181696, 18217970885
4116243148, 18217926270
4117377811, 18217846219
4117445464, 18517782593
4118574850, 18517765196
4118642972, 18517743982
4119773814, 18517726377
4119842280, 18517708302
4120971484, 18517690568
4121100821, 18517673832
4121179233, 18517655163
4122327958, 18517634169
4122399409, 18517614160
4123527287, 18517594386
4123615185, 18517566317
4124745846, 18517543814
4124814504, 18517521603
4125954107, 18517496153
4127381936, 18517469552
4127450835, 18517450328
4127511592, 18517431835
4127571108, 18517413779
4128705073, 18517396036
4128772422, 18517377497
4129900541, 18517360127
4129967771, 18517337712
4130070016, 18517317156
4131218056, 18517292612
4131303168, 18517272153
4132433811, 18517251798
4132499749, 18517232104
4133626664, 18517210170
4133691922, 18517178607
4134822008, 18517161102
4134889203, 18517138677
4136017250, 18517103762
4136084843, 18517085474
4136146520, 18517067607
4138567734, 18517049557
4138642577, 18517029612
4138705996, 18517008372
4138766836, 18516985083
4139902511, 18516928915
4139969798, 18516029918
4140061110, 18516011699
4141273393, 18515992085
4141346401, 18515972257
4142474151, 18515953113
4142540344, 18515934233
4143668024, 18515913709
4143739404, 18515890941
4144868003, 18515872208
4144933830, 18515852813
4145000413, 18515832644
4146133181, 18515811675
4146202389, 18515789641
4147334152, 18515769935
4147401840, 18515746815
4148530214, 18515722490
4149840017, 18515696023
4149906903, 18515672626
4149968133, 18515649588
4150028359, 18515626398
4151220581, 18515602720
4151291184, 18515580757
4152419275, 18515555136
4152501478, 18515531533
4153628761, 18515507563
4153696715, 18515484142
4154823459, 18515460302
4154889077, 18515436817
4156015251, 18515413082
4156082188, 18515390874
4156144801, 18515370090
4157284569, 18515344500
4157352003, 18515324184
4158479148, 18515301017
4158546677, 18515274266
4159697816, 18515225911
4162891580, 18515207284
4163014752, 18515188983
4163081305, 18515169987
4163145121, 18515149861
4163207175, 18515131468
4163268427, 18515111146
4163348561, 18515093222
4163413639, 18515073029
4164568690, 18515050929
4164638911, 18515030581
4165766407, 18515008184
4165834007, 18514985378
4166969944, 18514963865
4167039848, 18514944039
4168167993, 18514919930
4168236902, 18514891333
4169363122, 18514866396
4169438260, 18514842428
4169575129, 18514818279
4170711555, 18514791252
4172425304, 18514763283
4172529261, 18514739446
4172604908, 18514715797
4172668633, 18514691062
4177672305, 18514664375
4177756891, 18514626471
4177825142, 18514583715
4177889261, 18514538803
4177954856, 18514495600
4178017369, 18514449866
4179271739, 18514400528
4179333270, 18514355084
4179394280, 18514303680
4179454722, 18514223635
4179517094, 18699959272
4179577826, 18699939897
4179667054, 18699919926
4180812389, 18699901510
4180902252, 18699883366
4182032183, 18699864567
4182138782, 18699845423
4183268608, 18699825986
4183354626, 18699806698
4183420834, 18699787505
4184560426, 18699765233
4184622140, 18699745218
4185743716, 18699724417
4185805864, 18699703678
4186928782, 18699682789
4186993403, 18699663259
4188685334, 18699641874
4188747349, 18699623143
4188807687, 18699602879
4188895741, 18699582789
4190029488, 18699562605
4190111206, 18699539939
4191241781, 18699519054
4191309051, 18699497010
4192451136, 18699475497
4192530705, 18699453383
4193656479, 18699432362
4193724717, 18699411192
4194850753, 18699389488
4194938378, 18699367242
4195004941, 18699344762
4201135648, 18699321684
4201223467, 18699298904
4201287793, 18699276199
4201348794, 18699253604
4201412033, 18699209922
4201520983, 18698018943
4201589615, 18697996926
4201653085, 18697975220
4201716701, 18697949612
4201778636, 18697926085
4201842402, 18697901253
4201920185, 18697875687
4203063267, 18697841001
4203150714, 18697819588
4204282733, 18697798078
4204348039, 18697776967
4205470558, 18697755531
4205553375, 18697733708
4205612802, 18697710241
4206738698, 18697686044
4208029115, 18697662253
4208088428, 18697642499
4208144624, 18697622385
4209294936, 18697600434
4209360248, 18697579424
4210484343, 18697557799
4210546321, 18697537188
4210602681, 18697515608
4211733711, 18697495145
4211794660, 18697472477
4212940009, 18697450545
4213003732, 18697427749
4214141125, 18697406450
4214208049, 18697382903
4215354493, 18697359844
4215423356, 18697335142
4216551577, 18697311217
4216620257, 18697287775
4216682517, 18697265232
4217825920, 18697242574
4220826905, 18697220530
4220894022, 18697194192
4220958808, 18697161816
4221023388, 18697101268
4221086497, 18697057485
4221161448, 18697005002
4221224553, 18696921142
4222359256, 18927565207
4222456705, 18927544260
4223610436, 18927520539
4223680440, 18927497266
4224826192, 18927472626
4224893062, 18927444413
4226021971, 18927407330
4226092234, 18926604830
4226171046, 18926581121
4227326217, 18926555007
4227399071, 18926529713
4228530789, 18926498605
4228604378, 18926467701
4230669100, 18926436461
4230751010, 18926416802
4230822558, 18926396953
4230886513, 18926373667
4232022322, 18926351943
4232090272, 18926330257
4233263810, 18926308733
4233346797, 18926287115
4233447926, 18926263922
4234578900, 18926241898
4234646395, 18926210157
4235775310, 18926187266
4235841331, 18926166293
4237006547, 18926144458
4237076900, 18926124789
4237875011, 18926103615
4237977266, 18926081583
4244347079, 18926042676
4244438505, 18926023791
4244501445, 18926004502
4244564239, 18925984936
4244625965, 18925966017
4244688507, 18925947568
4244749038, 18925928399
4244838340, 18925908884
4244900018, 18925888492
4244975537, 18925868932
4245040055, 18925847269
4245101877, 18925827589
4245174786, 18925803766
4246317115, 18925784383
4246405706, 18925761758
4247541381, 18925740298
4247613311, 18925718180
4248764152, 18925699434
4249676107, 18925677570
4249746423, 18925658684
4249808537, 18925638016
4250944317, 18925616311
4251035350, 18925594071
4252168907, 18925569917
4252253921, 18925547037
4252316869, 18925520777
4253460010, 18925493730
4253527145, 18925455272
4254655570, 18925417678
4254721474, 18925332745
4255849957, 19222943667
4255918269, 19222925695
4257048116, 19222906133
4257115553, 19222885914
4258272216, 19222866438
4258341514, 19222836936
4258403432, 19222817279
4259533321, 19222797840
4259601822, 19222778794
4274596774, 19222759386
4274677661, 19222741652
4274783649, 19222721503
4274852063, 19222702175
4274929037, 19222678235
4274992547, 19222660251
4275055660, 19222641308
4275115569, 19222621997
4275177358, 19222601723
4275243586, 19222581818
4275315980, 19222563116
4275379365, 19222543565
4275479074, 19222523078
4275549086, 19222501396
4275611257, 19222479298
4275674782, 19222459338
4275716656, 19222437619
4275788235, 19222414210
4275848908, 19222392870
4275893907, 19222373069
4276810130, 19222351286
4276857782, 19222331070
4276899845, 19222311272
4276942350, 19222288600
4276982159, 19222268330
4277024157, 19222247743
4277066492, 19222227109
4277107864, 19222202392
4277157995, 19222179438
4277200336, 19222155463
4277255668, 19222135065
4277297673, 19222114433
4286632831, 19222093086
4286686380, 19222071307
4286720693, 19222048657
4287334850, 19222023911
4287378578, 19221998896
4287421505, 19221967938
4287452365, 19221930976
4287484719, 19221890220
4287514821, 19221848979
4287545750, 19221798164
4287577636, 19221717785
4287608114, 19527426806
4287639037, 19527409745
4287669274, 19527391861
4287701086, 19527372638
4287739654, 19527354995
4287771668, 19527336198
4287802361, 19527318686
4287835573, 19527301092
4288937364, 19527284039
4288974008, 19527266097
4290085882, 19527247794
4290128487, 19527227503
4291220859, 19527208130
4295348922, 19527188509
4295386964, 19527167702
4295420400, 19527145438
4295455493, 19527117956
4295488578, 19527098075
4295521208, 19527076267
4295553334, 19527054851
4295586924, 19527034760
4295634421, 19527013548
4296748668, 19526993695
4296783178, 19526963361
4297870425, 19526945026
4297914774, 19526925310
4299022298, 19526905421
4299087448, 19525911325
4300192900, 19525893160
4300227185, 19525874722
4301314900, 19525857326
4301350844, 19525838685
4302436737, 19525821966
4303084161, 19525802445
4303117398, 19525783836
4304208589, 19525766590
4304241386, 19525746014
4305327858, 19525729016
4305385092, 19525711834
4306473441, 19525693831
4306510655, 19525675829
4307604585, 19525656548
4307642180, 19525638133
4308737191, 19525617336
4308810211, 19525599147
4309910366, 19525578447
4309973160, 19525556864
4310009783, 19525538323
4311105796, 19525515667
4311146964, 19525493398
4312242209, 19525471986
4312281839, 19525453164
4313376905, 19525433010
4321595865, 19525412560
4321652187, 19525393738
4321699766, 19525373049
4321744257, 19525354248
4321788721, 19525335656
4321835292, 19525314972
4321881338, 19525296199
4321927430, 19525277373
4321973191, 19525257797
4322064238, 19525239358
4322112099, 19525218579
4322178619, 19525199992
4322240513, 19525179371
4322285804, 19525151466
4322329926, 19525111535
4322373437, 19525088918
4322422417, 19525042275
4323542957, 19525021482
4323620978, 19525003167
4324731756, 19524985444
4324781086, 19524966263
4325745495, 19524944776
4325804316, 19524924414
4326910173, 19524905501
4326958220, 19524887914
4328059547, 19524870902
4328123749, 19524853500
4329243936, 19524835927
4329289260, 19524817252
4330411826, 19524798185
4330456080, 19524779815
4331555892, 19524762008
4331598685, 19524744643
4332698670, 19524726302
4332741990, 19524706843
4332783037, 19524687383
4333907999, 19524666141
4333953183, 19524647164
4335055722, 19524628178
4335100911, 19524609408
4336213616, 19524590081
4346967933, 19524570493
4347060272, 19524547360
4347108287, 19524523542
4347150792, 19524484157
4347213396, 19523546981
4347261379, 19523523545
4347304230, 19523497206
4347346732, 19523462100
4347387051, 19523418530
4347428653, 19523383287
4347471279, 19523338818
4347522349, 19523293186
4347566495, 19523246381
4347630879, 19523197526
4347675357, 19523156801
4347719825, 19523063786
4347762800, 19723685802
4347803957, 19723665528
4347848476, 19723645942
4347909165, 19723625561
4348799646, 19723605812
4348850628, 19723585727
4348917020, 19723569032
4348962803, 19723549759
4357225361, 19723532356
4357273085, 19723513512
4357308446, 19723494172
4357340120, 19723475615
4357371294, 19723456157
4357401122, 19723435995
4357433839, 19723416919
4357483935, 19723395652
4357516895, 19723376359
4357547797, 19723356160
4357578992, 19723333777
4357609474, 19723310990
4357653043, 19723277302
4357694971, 19722352825
4357731051, 19722333768
4358339128, 19722312388
4358395537, 19722293229
4359498325, 19722271285
4359535568, 19722248575
4360624164, 19722229098
4360657542, 19722207531
4361748837, 19722186489
4361782601, 19722167112
4362880848, 19722146511
4362917472, 19722123669
4364007460, 19722103664
4364041554, 19722081841
4365125730, 19722058912
4365159500, 19722037069
4366283331, 19722012683
4366335603, 19721988871
4367455415, 19721968559
4367521049, 19721942748
4368639444, 19721908604
4368726501, 19721888788
4374703481, 19721871457
4374786896, 19721853758
4374863525, 19721835627
4374931592, 19721816366
4374988678, 19721798522
4375045968, 19721780200
4375104217, 19721762384
4375166042, 19721744241
4375233308, 19721726839
4375291176, 19721707371
4375347704, 19721687561
4375418311, 19721669516
4377506321, 19721648866
4377570993, 19721627694
4377640734, 19721606695
4377692217, 19721586775
4378809273, 19721565558
4378886828, 19721545151
4378944241, 19721524401
4380057920, 19721504927
4380126875, 19721484780
4381240965, 19721463614
4386514182, 19721441437
4386593881, 19721417929
4386647955, 19721395470
4386703454, 19721372745
4386763211, 19721348500
4386815532, 19721323581
4386867591, 19721301144
4386928848, 19721275300
4386979452, 19721249206
4387026575, 19721210154
4387081316, 19721112681
4388195256, 19721064728
4388254228, 19720979788
4389375745, 19918784595
4389432125, 19918766186
4389498804, 19918747900
4390611754, 19918727136
4390669050, 19918707833
4391748891, 19918686489
4391794457, 19918664698
4392904078, 19918646076
4393723371, 19918628228
4393770400, 19918611243
4394890960, 19918590897
4394942319, 19918571766
4394997052, 19918551851
4396102514, 19918531371
4396153998, 19918512332
4397261705, 19918492363
4397327243, 19918473649
4398471454, 19918454568
4398543685, 19918435243
4399680345, 19918414169
4399744750, 19918387522
4400884971, 19918369949
4400979098, 19918353147
4402106398, 19918336008
4402172806, 19918317946
4402236613, 19918297899
4403369151, 19918278808
4403438863, 19918260611
4411091641, 19918241745
4411214462, 19918220483
4411309372, 19918200338
4411392948, 19918178502
4411473951, 19918156877
4411553531, 19918137980
4411646376, 19918116748
4411727328, 19918094125
4411839394, 19918056802
4411919225, 19918035584
4412000624, 19918016042
4412094389, 19917994471
4412174257, 19917974793
4412262339, 19917954406
4412340962, 19917933619
4412423318, 19917913502
4420174934, 19917892119
4420267542, 19917872143
4420327280, 19917851574
4420392331, 19917832704
4420451334, 19917811620
4420511829, 19917791742
4420566602, 19917771682
4420621078, 19917749715
4421314916, 19917726839
4421377955, 19917706078
4421456775, 19917685735
4421515840, 19917662595
4421580102, 19917636892
4421633903, 19917609666
4421692649, 19917563078
4421745237, 19917474579
4421798744, 20234836231
4422923448, 20234817463
4422992417, 20234799851
4424110486, 20234781775
4424182430, 20234764045
4425296003, 20234746220
4425359854, 20234726211
4426472000, 20234706861
4426529450, 20234689138
4427641597, 20234670488
4427702639, 20234651706
4427774282, 20234632485
4428894982, 20234612965
4431708530, 20234592762
4431778278, 20234572552
4431834366, 20234552780
4431892108, 20234534067
4431946855, 20234514586
4432006044, 20234493839
4433134842, 20234465101
4433208393, 20234446157
4434345292, 20234428238
4434405770, 20234409966
4434463603, 20234390400
4435581868, 20234370150
4435644814, 20234350291
4436759012, 20234326545
4436820913, 20234305893
4437952999, 20234286646
4438043205, 20234268689
4439184946, 20234251018
4439277651, 20234233050
4440418189, 20234213869
4441739837, 20234193337
4441817350, 20234171573
4441891540, 20234150287
4441998574, 20234130412
4443145252, 20234109908
4443222115, 20234090706
4444371672, 20234072005
4444487115, 20234051024
4444565703, 20234029351
4445700416, 20234006727
4445779621, 20233986388
4446916009, 20233965530
4447024767, 20233942921
4448164355, 20233918451
4448248922, 20233887182
4448337159, 20233850843
4449475165, 20233808851
4449570208, 20233731261
4450729590, 20232712406
4450832745, 20525992869
4458130703, 20525974206
4458283514, 20525957352
4458380650, 20525939010
4458486991, 20525921667
4458570417, 20525902829
4458671625, 20525883738
4458755624, 20525864176
4458844330, 20525846345
4458935574, 20525827167
4459029878, 20525807808
4459115355, 20525789602
4459198683, 20525768550
4459300871, 20524965905
4459387387, 20524945885
4459471854, 20524927434
4459556139, 20524907700
4460760038, 20524887229
4460885584, 20524867982
4462053581, 20524846925
4462145423, 20524827804
4462232361, 20524804978
4463774200, 20524770849
4463884507, 20524750166
4463969108, 20524727791
4471299874, 20524698834
4471395274, 20524680533
4471472144, 20524662058
4471550943, 20524644976
4471626099, 20524628528
4471744081, 20524611446
4471818966, 20524593450
4471897722, 20524574249
4471973761, 20524557683
4472046577, 20524538361
4472148880, 20524519940
4472241821, 20524500562
4472323884, 20524480874
4472395577, 20524462712
4472470731, 20524441710
4473626035, 20524422931
4473706040, 20524402468
4474845549, 20524381454
4474940970, 20524360795
4475025369, 20524338485
4476180558, 20524318101
4477396403, 20524297917
4477468522, 20524277046
4477564024, 20524257769
4478716187, 20524237337
4478787823, 20524217179
4479919918, 20524195266
4480016556, 20524173711
4480112189, 20524154063
4481249124, 20524133064
4481324030, 20524111794
4482457948, 20524091490
4482542069, 20524070019
4483673316, 20524047883
4483746240, 20524026631
4484897599, 20524006474
4484970572, 20523985329
4485043439, 20523962925
4486209552, 20523943924
4486286992, 20523921814
4491151002, 20523901805
4491266842, 20523880915
4491362555, 20523860307
4491452762, 20523839374
4491546444, 20523818767
4491639213, 20523795657
4491769152, 20523762394
4491889717, 20523743797
4491980278, 20523725052
4492073233, 20523705717
4493239832, 20523687459
4493343430, 20523669768
4493472007, 20523652350
4494637804, 20523633243
4494736489, 20523613912
4495908943, 20523595294
4496004389, 20523574836
4496115361, 20523553203
4497271743, 20522627873
4497370747, 20522608776
4498530951, 20522589621
4500217492, 20522568770
4500315291, 20522547367
4500405615, 20522527081
4500540805, 20522506691
4500643677, 20522486717
4501807442, 20522465778
4501904442, 20522444158
4503077998, 20522424240
4503176516, 20522400188
4504352029, 20522379881
4504453513, 20522358468
4504556388, 20522336565
4505723450, 20522311533
4505858206, 20522287634
4507018885, 20522252693
4507116240, 20522208699
4508276144, 20522157686
4508372003, 20522124495
4508464987, 20522079524
4509629483, 20522032820
4509729047, 20521985550
4510926139, 20521939946
4511025624, 20521886670
4511117278, 20521813115
4512273709, 20784140588
4512371100, 20784124254
4513545606, 20784105471
4513655114, 20784087931
4514813174, 20784069552
4514910728, 20784051803
4515005363, 20784034867
4516192677, 20784017528
4516309963, 20783997608
4517469655, 20783979229
4517571236, 20783947415
4518736700, 20783141015
4518836503, 20783123494
4518924753, 20783104902
4520084706, 20783087899
4520222052, 20783068349
4521908862, 20783047655
4522009980, 20783027440
4522098591, 20783007361
4522228415, 20782986460
4523387630, 20782966228
4523495655, 20782947019
4524649801, 20782924386
4524745737, 20782902432
4525929806, 20782881138
4526047459, 20782861389
4526139299, 20782839650
4527294812, 20782812836
4527392253, 20782794480
4528556299, 20782776866
4528650985, 20782758202
4529805174, 20782725737
4529901340, 20782685624
4530024686, 20782647758
4531190201, 20782608074
4531285853, 20782560478
4531758443, 20782323896
4532933567, 20782304701
4533035296, 20782284702
4533730042, 20782267279
4535259682, 20782246522
4535396116, 20782229397
4535494934, 20782210257
4536926366, 20782192185
4537018957, 20782173044
4537111877, 20782154489
4537220744, 20782135019
4538387690, 20782112023
4538487536, 20782083654
4539645855, 20782065940
4539752667, 20782047912
4540953370, 20782030012
4541055256, 20782010911
4541152042, 20781990896
4542345032, 20781972084
4542444143, 20781949785
4543636668, 20781930951
4543736699, 20781912217
4544901905, 20781895177
4545001065, 20781876137
4545089426, 20781858606
4546259293, 20781839619
4546355168, 20781819440
4547073711, 20781798945
4548241617, 20781780921
4548344034, 20781758807
4548444418, 20781735372
4549601920, 20781714258
4549743550, 20781692481
4550923300, 20781668927
4551028048, 20781649605
4551120294, 20781625180
4552280365, 20781603109
4552385575, 20781584636
4553578707, 20781561979
4553677850, 20781537116
4554839128, 20781497932
4554931075, 20781420388
4555028339, 20978259464
4556188387, 20978240855
4556284715, 20978222767
4557450488, 20978203984
4557547949, 20978184697
4559206670, 20978165560
4559306597, 20978146059
4559393488, 20978129001
4559526307, 20978108547
4560692050, 20978090312
4560790207, 20978071171
4562319752, 20978052928
4563952745, 20978033888
4564017420, 20978013459
4564123121, 20977993148
4564198618, 20977974496
4564261950, 20977954535
4565399700, 20977934223
4565471443, 20977915889
4566201192, 20977895009
4566305549, 20977872592
4568560820, 20977853039
4568641558, 20977833867
4568702642, 20977815101
4568767437, 20977793681
4569900819, 20977775390
4569964187, 20977753571
4570022288, 20977730754
4571170169, 20977695230
4571232899, 20977676083
4572353684, 20977657479
4572432956, 20977639390
4573555890, 20977621287
4573616837, 20977601838
4574740172, 20977581860
4574821130, 20977560467
4575945998, 20977542688
4576008507, 20977525177
4577152533, 20977504867
4577212323, 20977482887
4577269651, 20977461996
4578400433, 20977431712
4578465883, 20977412908
4579589551, 20977392091
4579651801, 20977370504
4580793690, 20977349625
4580863339, 20977330103
4581993575, 20977307040
4582104984, 20977276216
4583236552, 20976309886
4583305009, 20976286040
4583369343, 20976262707
4584498458, 20976243742
4584566752, 20976221455
4585713040, 20976199151
4585796675, 20976173592
4586947466, 20976143230
4587017919, 20976101608
4588366623, 20976049949
4588430023, 20975966856
4588493054, 21260425604
4589622975, 21260407228
4589713505, 21260389364
4590849349, 21260371418
4590920465, 21260351619
4592049155, 21260319264
4592135382, 21260299449
4593276191, 21260279059
4593342051, 21260255671
4593405146, 21260228107
4594531835, 21260205934
4594598778, 21260185740
4595747573, 21260166965
4595818278, 21260146320
4596950282, 21260127999
4597016212, 21260110169
4598141283, 21260089721
4598209476, 21260070384
4600958349, 21260049309
4601073980, 21260030815
4601156458, 21260010922
4601236294, 21259990374
4601312166, 21259972304
4601375130, 21259952846
4602512848, 21259933924
4602584177, 21259915300
4603711750, 21259894166
4603778396, 21259871923
4604907453, 21259851335
4604974596, 21259828947
4605057874, 21259807425
4606198189, 21259786358
4606267845, 21259764368
4607397546, 21259744451
4607462888, 21259723798
4608593080, 21259700100
4608661285, 21259675281
4609810201, 21259650789
4611282378, 21259623148
4611378169, 21259600252
4611443981, 21259576875
4611506092, 21258454302
4612660027, 21258431045
4612728280, 21258410677
4612790667, 21258390216
4613918741, 21258366392
4613987597, 21258338265
4615112852, 21258316845
4615177956, 21258292392
4616303616, 21258265607
4616368709, 21258223932
4617492931, 21258137283
4617561665, 21635508963
4618690450, 21634643016
4618778810, 21634625086
4619911867, 21634606160
4620016520, 21634587364
4620079881, 21634567485
4621208106, 21634547551
4623404446, 21634527226
4623510613, 21634505127
4623576154, 21634485648
4623640771, 21634465616
4623719438, 21634447551
4624870598, 21634429092
4624940199, 21634410976
4625001763, 21634391616
4626127591, 21634371585
4626202564, 21634352620
4627332413, 21634330597
4627397785, 21634309402
4628547788, 21634289093
4628618736, 21634269679
4629771308, 21634249973
4629838732, 21634228037
4630968274, 21634204397
4631035226, 21634177921
4631107293, 21634154583
4632237219, 21634130604
4633843891, 21634078853
4633924886, 21634060703
4633988161, 21634039442
4634048609, 21634019675
4635186029, 21634001679
4635257304, 21633983845
4636385727, 21633966779
4636452426, 21633947706
4637578811, 21633929106
4637688262, 21633910439
4638822832, 21633889879
4638910053, 21633869830
4639001371, 21633851060
4642265080, 21633832484
4642349857, 21633814141
4642412006, 21633795526
4642473639, 21633776492
4642536010, 21633758258
4642596731, 21633738305
4643730848, 21633719072
4643800148, 21633699151
4644928659, 21633679602
4645025320, 21633658009
4645087928, 21633637227
4646229672, 21633616039
4647359651, 21633593338
4647419715, 21633573351
4647527306, 21633554763
4648681150, 21633534023
4648750370, 21633514430
4649878645, 21633493546
4649964056, 21633474703
4650025488, 21633453816
4651153622, 21633431618
4651218669, 21633411565
4652346838, 21633391485
4652413718, 21633369389
4653539923, 21633350523
4653618725, 21633328365
4654769732, 21633306138
4654837862, 21633283458
4655964594, 21633260743
4656029641, 21633237976
4657136882, 21633213051
4657222573, 21632266416
4659612622, 21632243973
4659681168, 21632204414
4659745428, 21632187217
4659823468, 21632168187
4659885483, 21632148920
4661025084, 21632129995
4661095817, 21632108940
4661169115, 21632089275
4662308780, 21632070766
4662377617, 21632052726
4663506835, 21632034257
4663595097, 21632015330
4664725711, 21631996858
4664799799, 21631977017
4665858097, 21631958642
4665963665, 21631939326
4668389653, 21631916380
4668493936, 21631896740
4668570749, 21631874115
4668633441, 21631854001
4668710122, 21631834784
4669842972, 21631815553
4669912714, 21631796363
4671041032, 21631776882
4671109310, 21631756195
4671169520, 21631733755
4672298701, 21631708956
4672366080, 21631683700
4674602309, 21631645686
4674668107, 21631605145
4674733624, 21631562481
4674797786, 21631519966
4675935507, 21631473659
4676033790, 21631427366
4677138532, 21631381659
4677222833, 21631333981
4677285612, 21631280349
4678455943, 21631172906
4678525562, 21863270324
4679658156, 21863252184
4679725251, 21863234803
4680872607, 21863216827
4680944013, 21863198452
4682072765, 21863180418
4682141593, 21863160762
4683271134, 21863142306
4683354367, 21863123250
4683431073, 21863104962
4684656130, 21863081238
4684721456, 21863062755
4685884958, 21863044537
4685956929, 21863023743
4687104179, 21863002892
4687172007, 21862983515
4687249521, 21862964237
4688382494, 21862945095
4688449723, 21862925086
4689576183, 21862905153
4689644872, 21862885808
4690792585, 21862866268
4690864421, 21862845513
4691994456, 21862822854
4692061065, 21862802471
4693187035, 21862779344
4693275937, 21862759160
4693338127, 21862737117
4694465919, 21862714306
4694555457, 21862693013
4697548417, 21862665670
4697663056, 21862642349
4697728697, 21862619262
4697807889, 21862597780
4697869394, 21862576864
4697933249, 21862556294
4699073940, 21862531538
4699144753, 21862508755
4700275555, 21862485651
4700370347, 21862459926
4701503144, 21862420742
4701570238, 21862401192
4702700021, 21862382326
4702767557, 21862360598
4702836724, 21862337284
4703965905, 21862313082
4704077232, 21862288929
4705211502, 21862265936
4705293243, 21862241077
4706446832, 21862218121
4708298257, 21862188777
4708391505, 21862170625
4708454452, 21862151252
4708516712, 21862131733
4708576900, 21862110853
4709711161, 21862089537
4709779788, 21862069315
4710910174, 21862046673
4710978341, 21862024698
4712108584, 21862004919
4712174930, 21861983200
4712234534, 21861959455
4713362167, 21861931527
4713431116, 21860362818
4714587865, 21860341314
4714655748, 21860319007
4715843102, 21860296534
4715926371, 21860276951
4717061309, 21860254086
4717189934, 21860227988
4720554734, 21860204579
4720642409, 21860181059
4720705620, 21860155617
4720768281, 21860120012
4720829781, 21860077425
4720891756, 21860033471
4720954443, 21859981111
4722094965, 21859895276
4722167561, 22056054372
4722227975, 22056032646
4723360596, 22056008053
4723456998, 22055987138
4724590555, 22055963813
4724659514, 22055940444
4725469669, 22055916755
4725566707, 22055892579
4728483034, 22055869710
4728592032, 22055851742
4728653513, 22055831671
4728714466, 22055813398
4728783425, 22055793285
4729918869, 22055771754
4729990816, 22055750608
4730051037, 22055729978
4733991749, 22055709650
4734078698, 22055688477
4734144393, 22055663851
4734208600, 22055641140
4734321052, 22055618932
4734384047, 22055596039
4734444278, 22055574182
4734508508, 22055553375
4735677729, 22055528731
4735778165, 22055490324
4736913526, 22055465857
4736983092, 22055443215
4738351827, 22055417943
4738417882, 22055398045
4738481300, 22055375581
4739616831, 22055353295
4739685068, 22055331110
4740844900, 22055294370
4740913893, 22054156858
4742042688, 22054136167
4742113139, 22054115116
4743253536, 22054093337
4743362968, 22054072801
4743426150, 22054053749
4744557521, 22054031314
4744624393, 22054011651
4745784756, 22053991092
4745868251, 22053968874
4747000747, 22053948913
4747068668, 22053928956
4748198759, 22053906324
4748266700, 22053885850
4750905092, 22053864631
4751018025, 22053842302
4751083527, 22053819586
4751150360, 22053797426
4751214904, 22053775227
4751277071, 22053751191
4752415020, 22053725907
4752487559, 22053687426
4753658758, 22053641369
4753728196, 22053598198
4754858058, 22053550441
4754928846, 22053478815
4755052544, 22510210016
4756187447, 22510188214
4756255692, 22510147173
4757384114, 22510021283
4757456422, 22509994932
4758585451, 22509972397
4758672114, 22509950172
4759804097, 22509919812
4759881811, 22509887719
4761551600, 22509863013
4761615304, 22509844267
4761675567, 22509826155
4761737820, 22509806766
4762872980, 22509787021
4762990508, 22509768191
4764123571, 22509745922
4764201037, 22509725478
4765346951, 22509707331
4765446265, 22509676746
4766578573, 22509656256
4766646436, 22509638876
4766708019, 22509618403
4767836500, 22509596735
4767904413, 22509573700
4769032093, 22509550208
4769117616, 22509527367
4770260801, 22509504569
4770331268, 22509479163
4771461498, 22509445880
4778781728, 22509408295
4778856499, 22508378868
4778920624, 22508354853
4779029744, 22508334948
4779094169, 22508316122
4779166527, 22508295846
4779229576, 22508275615
4779319682, 22508253158
4779381470, 22508232513
4779442379, 22508212051
4779503215, 22508192972
4779562869, 22508173383
4779623760, 22508153824
4779700430, 22508132121
4779762729, 22508112609
4779832820, 22508091446
4780982781, 22508068665
4781070453, 22508044190
4781144742, 22508009135
4782278728, 22507966932
4782350715, 22507921701
4783513566, 22507869081
4783571707, 22507784423
4784690014, 22722510188
4784748087, 22722492650
4785883225, 22722474362
4785943337, 22722455124
4787060312, 22722435990
4787116690, 22722415057
4788244968, 22722396653
4788304539, 22722376684
4788357930, 22722359371
4789496614, 22722341744
4789559655, 22722322062
4790701551, 22722304185
4790764516, 22722282966
4791882320, 22722260616
4791939772, 22722240669
4793067569, 22722218555
4793201924, 22722198766
4795698750, 22722177993
4795792633, 22722146220
4795887607, 22722125316
4795946667, 22722106189
4796009625, 22722087671
4797140160, 22722068681
4797209095, 22722051898
4797270551, 22722033629
4798399815, 22722016542
4798467062, 22721997603
4814900998, 22721976094
4815007467, 22721957423
4815063868, 22721937456
4815108823, 22721920201
4815153570, 22721903276
4815196620, 22721883666
4815239380, 22721864176
4815306109, 22721842716
4815350851, 22721824180
4815392773, 22721803345
4815437109, 22721785144
4815478426, 22721766163
4815529932, 22721746316
4815572647, 22721727389
4815612622, 22721704116
4815654124, 22721684634
4815696326, 22721664497
4815739389, 22721643339
4815795867, 22721622548
4815855724, 22721600149
4815906538, 22721578368
4815950577, 22721557499
4815992279, 22721532647
4816047035, 22721507141
4816091636, 22721483836
4816144977, 22721461377
4816187146, 22721435768
4816230442, 22721390844
4816277910, 22720074029
4816320258, 22720051281
4816363259, 22720027914
4817305880, 22720003478
4817351160, 22719982652
4817396380, 22719962718
4826875563, 22719941592
4826925600, 22719919554
4826983327, 22719898708
4827020476, 22719866033
4827061770, 22719847643
4827093073, 22719828877
4827124153, 22719811614
4827706050, 22719791485
4827752493, 22719772601
4827784060, 22719734394
4827814108, 22719717905
4827844470, 22719699832
4827874907, 22719681811
4827907403, 22719663998
4827938093, 22719646385
4827967826, 22719628657
4827998525, 22719610597
4828038404, 22719591266
4828070808, 22719572117
4829136901, 22719551058
4829174518, 22719532332
4833998777, 22719511510
4834035300, 22719493747
4834059436, 22719474403
4834084618, 22719455064
4834108548, 22719434489
4834132678, 22719415092
4834155305, 22719394478
4834178505, 22719375254
4834201996, 22719354840
4835285933, 22719336073
4835315210, 22719314846
4836395415, 22719293223
4836420316, 22719271952
4837499468, 22719252550
4837526295, 22719231372
4838617012, 22719211172
4838663707, 22719185941
4839743134, 22719152007
4839769242, 22719107722
4840851248, 22719061219
4843535508, 22719015392
4843576937, 22718968127
4843606211, 22718919411
4843632593, 22718893279
4843659485, 22718854719
4843684443, 22718807455
4844771968, 22718756368
4844807321, 22718656522
4845894951, 22990555133
4845928098, 22990537544
4847016800, 22990517597
4847051538, 22990500012
4848166536, 22990478963
4848219390, 22990461634
4849312768, 22990443543
4849369875, 22990426091
4850460568, 22990407897
4850494829, 22990388800
4851598033, 22990368754
4851631697, 22990349212
4851664408, 22990327331
4852312581, 22990304904
4853404888, 22990284049
4853451315, 22990265909
4854537723, 22990247253
4854569889, 22990226622
4855664003, 22990207555
4855704002, 22990186314
4856800349, 22990162275
4856840223, 22990140922
4857964088, 22990120482
4858006727, 22990101038
4859115511, 22990081126
4859167600, 22990061040
4860265278, 22990038724
4860305273, 22990015126
4861413350, 22989991378
4861454755, 22989970454
4862551675, 22989950632
4862593942, 22989929143
4863693474, 22989909164
4872827631, 22989888949
4872894003, 22989868527
4872943378, 22989844877
4872993649, 22989819947
4873040273, 22989795870
4873088471, 22989772168
4873156137, 22989749956
4873208654, 22989726026
4873256457, 22989690300
4873303990, 22989669561
4873352306, 22989651643
4873422034, 22989633970
4873473643, 22989615845
4873523718, 22989595665
4873573912, 22989576812
4873619552, 22989558880
4873671631, 22989540089
4873720591, 22989519493
4873780762, 22989484948
4881257272, 22988384207
4881307783, 22988365892
4881345184, 22988343708
4881379958, 22988325135
4881439869, 22988303092
4881480564, 22988284446
4881516601, 22988262501
4881549286, 22988241209
4881582448, 22988221262
4881628202, 22988200172
4881662899, 22988178435
4881696466, 22988157972
4881731725, 22988138166
4881765934, 22988117387
4881801416, 22988095636
4882903604, 22988072734
4882962634, 22988049537
4883500178, 22988025300
4884600771, 22988000980
4884631297, 22987976938
4885715519, 22987942296
4885744825, 22987896135
4886850410, 22987852269
4886883786, 22987802137
4887972545, 22987752192
4888018877, 22987664537
4889110184, 23256058922
4889144157, 23256041822
4890230368, 23256023322
4890261047, 23256005140
4891345143, 23255986797
4891374788, 23255970529
4892461236, 23255952910
4892504473, 23255933256
4893590530, 23255914596
4893621488, 23255895702
4894709974, 23255876900
4900026427, 23255858292
4900064021, 23255837877
4900100017, 23255818856
4900133778, 23255797158
4900169238, 23255774793
4900203920, 23255756097
4900275617, 23255733843
4900312767, 23255713487
4900355016, 23255690218
4900391560, 23254489013
4900426888, 23254468534
4901528729, 23254447049
4901571146, 23254425998
4902701135, 23254405463
4902742694, 23254384125
4902777072, 23254352637
4903872307, 23254334593
4903913356, 23254316760
4905008260, 23254299122
4905049452, 23254280972
4905845890, 23254261655
4906977802, 23254243741
4907021160, 23254223983
4908137299, 23254203404
4908191536, 23254181448
4909290376, 23254163936
4909333090, 23254144237
4910430638, 23254125606
4910472917, 23254106441
4911571331, 23254087990
4911614018, 23254069226
4911663760, 23254048934
4912765971, 23254029376
4912808431, 23254009341
4913906448, 23253989458
4913950208, 23253968962
4925477065, 23253945650
4925544917, 23253927508
4925611314, 23253906143
4925648342, 23253882756
4925684357, 23253859884
4925727661, 23253838538
4925764075, 23253816410
4925801129, 23253787918
4925837679, 23253753692
4925874028, 23253710057
4925908897, 23253662329
4925944623, 23253604877
4925989298, 23253513506
4926027935, 23521376395
4926063795, 23521359664
4926099052, 23521340864
4926133697, 23521322773
4926178464, 23521305383
4926216290, 23521288329
4926253351, 23521270926
4931000344, 23521252772
4931041288, 23521235099
4931097243, 23521217007
4931135114, 23521197166
4931171210, 23521178530
4931206300, 23521156370
4931241453, 23521135387
4931278135, 23521101183
4931311882, 23521077472
4931356745, 23521056441
4931394648, 23521035706
4932500566, 23521008939
4932541384, 23520259640
4933637405, 23520239239
4933691654, 23520217575
4934794831, 23520198004
4934838025, 23520176134
4935941846, 23520141839
4936004476, 23520123869
4937098773, 23520105256
4937813976, 23520084764
4937851279, 23520066339
4937883797, 23520048233
4938978457, 23520028925
4939022740, 23520011534
4940116879, 23519991441
4940172586, 23519972174
4941269840, 23519952766
4941312692, 23519931494
4942410101, 23519910124
4942452248, 23519889992
4943543168, 23519869809
4943582268, 23519849515
4944675847, 23519826158
4944719469, 23519805355
4945829989, 23519784584
4945903281, 23519761233
4947020494, 23519734100
4947083137, 23519701341
4948192716, 23519660763
4955689123, 23519614557
4955735900, 23519559803
4955777903, 23519529479
4955819124, 23519488097
4955879933, 23519404916
4955922132, 23912482752
4955962929, 23912462414
4956009536, 23912444668
4956052596, 23912426755
4956093479, 23912408397
4956132690, 23912389810
4956172263, 23912369883
4956217772, 23912350346
4956268451, 23912330886
4956328040, 23912312001
4956369693, 23912294467
4957480045, 23912276261
4957534057, 23912257642
4958638694, 23912240360
4958693041, 23912220686
4959661616, 23912198676
4959735392, 23912179919
4960888727, 23912160373
4960959335, 23912142103
4962081141, 23912122166
4962147535, 23912101052
4963271677, 23912081314
4963338035, 23912059340
4963404124, 23912025511
4964523507, 23912007032
4964601856, 23911989112
4965747217, 23911968720
4965841182, 23911950289
4966988389, 23911933074
4967082437, 23911912810
4968230356, 23911895464
4968330040, 23911876665
4968413287, 23911857055
4969556157, 23911837781
4969650276, 23911819422
4970827181, 23911801157
4978777474, 23911779941
4978873690, 23911759268
4978970136, 23911740187
4979074103, 23911718545
4979165706, 23911699438
4979259782, 23911680698
4979389841, 23911660147
4979500967, 23911641520
4979605245, 23911620561
4979698581, 23911597705
4979787465, 23911576663
4979899785, 23911552241
4979996372, 23910544169
4980085925, 23910522413
4980186447, 23910503022
4980276211, 23910484184
4980383586, 23910462501
4980514781, 23910439984
4980628711, 23910419495
4988432811, 23910396876
4988526123, 23910375546
4988598197, 23910353439
4988657022, 23910331215
4988719143, 23910308110
4988778996, 23910283921
4988862391, 23910261239
4988924850, 23910237708
4988988035, 23910217907
4989047308, 23910195928
4989117189, 23910175004
4989192518, 23910152707
4989260144, 23910131530
4989326377, 23910110254
4989385494, 23910075053
4989446221, 23910054172
4990602581, 23910036174
4990705096, 23910017488
4991839914, 23909998780
4992777051, 23909977248
4992849486, 23909945831
4992914342, 23909926212
4994048098, 23909907907
4994146887, 23909887608
4995284072, 23909870566
4995359980, 23909852047
4996484277, 23909833004
4996555927, 23909814017
4997679663, 23909792337
4997752665, 23909773648
4997822623, 23909753198
4998953588, 23909733831
4999036202, 23909714931
5000160162, 23909695607
5000259568, 23909674826
5001395447, 23909655483
5001472382, 23909632893
5002606045, 23909612313
5002685442, 23909589106
5007144769, 23909565231
5007271311, 23909542732
5007375005, 23909518695
5007463931, 23909495639
5007553715, 23909473846
5007642399, 23909447780
5007733262, 23909411114
5007822430, 23909364552
5007909027, 23909317500
5007988301, 23909267618
5009139934, 23909233274
5009235172, 23909184304
5010402210, 23909106587
5010495969, 23909054460
5010593782, 23908997677
5011739463, 23908907576
5011831445, 24164989163
5012977993, 24164972998
5013076336, 24164954947
5014248690, 24164936251
5014343685, 24164916922
5015818570, 24164898966
5015901207, 24164879188
5015980728, 24164861075
5017136884, 24164843313
5017248984, 24164824537
5017353258, 24164806654
5018513119, 24164787954
5018627046, 24164768125
5019804875, 24164748366
5019914641, 24164726966
5020010206, 24164707031
5021137138, 24164689863
5021265035, 24164670035
5022434657, 24164648979
5022547134, 24164630939
5023722494, 24164609119
5023834869, 24164588499
5023925953, 24164568951
5025088291, 24164548343
5025208205, 24164526878
5032596887, 24164503285
5032722394, 24164483858
5032822897, 24164465644
5032915114, 24164443901
5033006677, 24164423717
5033101694, 24164400677
5033199385, 24164377510
5033293171, 24164354662
5033400143, 24164334448
5033492878, 24164312701
5033583180, 24164290314
5033696648, 24164266415
5033831267, 24164242659
5033924612, 24164218788
5034019124, 24164195554
5034108621, 24164175236
5037012986, 24164151925
5037090734, 24164114317
5037186047, 24164096679
5037255324, 24164077733
5037317827, 24164058883
5037377142, 24164037520
5038506733, 24163997150
5043723761, 24162745262
5043793190, 24162727133
5043861468, 24162707224
5043924992, 24162686614
5043984954, 24162669026
5044046648, 24162649006
5044105617, 24162628806
5044167304, 24162608128
5044229158, 24162586072
5044290346, 24162565682
5044358079, 24162545658
5045487085, 24162526227
5045569965, 24162506107
5045633148, 24162484129
5046758171, 24162465117
5046813695, 24162447109
5047929126, 24162428502
5047998890, 24162406473
5049129350, 24162387926
5049189324, 24162366890
5050024587, 24162344956
5050076765, 24162321048
5051198600, 24162296243
5051252899, 24162263148
5052363426, 24162219391
5052417722, 24162177177
5053528072, 24162134152
5053584045, 24162091469
5054696723, 24162043742
5054767290, 24161958291
5055884373, 24329995054
5055940364, 24329977782
5057050730, 24329958253
5057126268, 24329940254
5058265219, 24329923499
5058362381, 24329904358
5058438239, 24329885447
5059569506, 24329867206
5059644993, 24329848504
5060777669, 24329829815
5062304564, 24329808459
5062374731, 24329788357
5062441053, 24329767451
5062507676, 24329748811
5063642450, 24329727198
5063722173, 24329704007
5064894215, 24329676102
5064967001, 24328476773
5065031666, 24328457500
5066114257, 24328437006
5066202494, 24328416379
5069311310, 24328395426
5069416716, 24328374944
5069541074, 24328351913
5069623518, 24328328304
5069709402, 24328306115
5069794023, 24328275810
5070342332, 24328257546
5072077967, 24328238072
5072178543, 24328220429
5072268086, 24328202958
5072350178, 24328182536
5073507281, 24328164979
5073598317, 24328145972
5074641605, 24328126234
5074731631, 24328107638
5075891818, 24328087510
5075982294, 24328070199
5077135650, 24328051451
5077221388, 24328031496
5077313183, 24328013558
5078459784, 24327993379
5078544432, 24327974963
5079687090, 24327953066
5079777581, 24327931152
5080917347, 24327897235
5081017767, 24327876533
5082160028, 24327855042
5082245397, 24327836209
5082321519, 24327816732
5083464915, 24327796071
5083569198, 24327774705
5084715787, 24327754864
5084799274, 24327732766
5085943142, 24327708100
5086047237, 24327681996
5086124539, 24327648609
5087284578, 24327606089
5087382559, 24327557360
5088552105, 24327491478
5088650750, 24762963783
5089812734, 24762945478
5089910354, 24762925376
5090035845, 24762906149
5091196214, 24762888347
5091296230, 24762871939
5092458830, 24762855405
5092562610, 24762835867
5093756550, 24762817135
5093854584, 24762795021
5093948514, 24762776203
5095107695, 24762753190
5095231306, 24761924233
5096396023, 24761904644
5096547115, 24761886324
5098181807, 24761865218
5098282584, 24761843986
5098375560, 24761812299
5098464899, 24761793663
5099655248, 24761775183
5099751043, 24761756446
5100909963, 24761737705
5101009165, 24761719822
5102163616, 24761700574
5102268426, 24761683266
5102400027, 24761664752
5103562353, 24761646161
5103658940, 24761625625
5104816547, 24761606785
5104944187, 24761587217
5105040899, 24761566606
5106208228, 24761545595
5106329626, 24761523858
5107486590, 24761496418
5107584428, 24761477778
5108470163, 24761455704
5108564290, 24761435651
5109728968, 24761415226
5109824358, 24761395503
5110985848, 24761373497
5111087269, 24761351973
5111180383, 24761330859
5112363792, 24761309246
5112484470, 24761288124
5113642124, 24761267016
5113740590, 24761243168
5114897505, 24761216269
5115013488, 24761173532
5115123778, 24761096687
5116299529, 24761048230
5116400043, 24760999653
5117558182, 24760918648
